"Date","Debits_Cumules"
1967,9747.4784
1968,8795.864
1969,8050.7532
1970,10071.505
1971,8655.1288
1972,5991.3341
1973,8501.049
1974,7501.5497
1975,8878.9135
1976,7757.8897
1977,9460.924
1978,8987.8387
1979,9805.5027
1980,10073.5497
1981,10510.0468
1982,10463.605
1983,9771.3183
1984,8379.3364
1985,8760.3934
1986,8760.402
1987,9638.3518
1988,9875.8068
1989,7557.6327
1990,9088.2447
1991,8686.7295
1992,9564.5055
1993,10578.6619
1994,11353.1209
1995,10411.9318
1996,7890.1958
1997,9411.9864
1998,9516.4018
1999,11838.3993
2000,9638.162
2001,12374.8357
2002,9363.9514
2003,11057.2152
2004,8653.309
2005,9254.6571
2006,10912.946
2007,10121.8574
2008,9541.6738
2009,9441.4632
2010,9522.5571
2011,8651.564
2012,10990.5881
2013,11300.3601
2014,10472.9066
2015,10628.1976
2016,10513.2382
2017,8829.8666
2018,11050.7721
