"Date","ACCESS1_0","ACCESS1.3","CanESM2","CNRM","GFDLCM3","GFDLM2G","GFDLM2M","INMCM","IPSL_CM5A_LR","IPSL_CM5A_MR","IPSL_CM5B_LR","MIROC","MIROC5","MPI_LR","MPI_MR","MRI"
1967,58791761.28,51896350.08,72834595.2,89095204.8,77801204.16,73547550.72,66977763.84,90602651.52,67555486.08,41035455.36,86446699.2,76295848.32,53272952.64,61177991.04,104647930.56,58964129.28
1968,44534266.56,50873814.72,73046422.08,117339788.16,42557538.24,73263320.64,77360071.68,117015174.72,84983454.72,80898730.56,69349867.2,60850077.12,48689242.56,80444992.32,58845191.04,63489856.32
1969,61091755.2,41078344.32,60550217.28,62238464.64,65145055.68,75080649.6,70471425.6,132949088.64,79348654.08,81289915.2,78916161.6,63494357.76,61204334.4,102187258.56,96298260.48,62728119.36
1970,66835255.68,40347132.48,64870061.76,127130739.84,68405860.8,73074389.76,93683174.4,110361830.4,77564062.08,92865545.28,78433539.84,60991479.36,55608163.2,62988546.24,50399997.12,57851245.44
1971,52674485.76,65986747.2,86689353.6,67237637.76,70246768.32,91596286.08,85803857.28,111760387.2,95576345.28,86457430.08,81593654.4,57409689.6,59418446.4,81162051.84,76854303.36,73137358.08
1972,44207717.76,45695309.76,66272325.12,66998655.36,76275838.08,63116487.36,64529818.56,132496352.64,75927222.72,86975337.6,97800376.32,55663744.32,50753986.56,77837284.8,78328416.96,74666845.44
1973,52796508.48,40780998.72,72070067.52,113552305.92,120536380.8,112083981.12,86451528.96,121940190.72,79101722.88,176287276.8,118505980.8,47434204.8,79973377.92,64395622.08,78800040,85317425.28
1974,35649244.8,72503406.72,74289260.16,49521611.52,82746092.16,91020481.92,92015084.16,164427580.8,77995206.72,59382780.48,77550721.92,58032123.84,83333318.4,78590174.4,101699634.24,84262800.96
1975,62305182.72,42279822.72,69576736.32,81690897.6,101169103.68,76450452.48,87011763.84,103364337.6,70509510.72,52427761.92,88917082.56,88936038.72,92156581.44,64361278.08,62305511.04,69119611.2
1976,57226452.48,52144905.6,86066392.32,68237285.76,68884145.28,81870808.32,65714319.36,113901690.24,70759206.72,58947635.52,83820934.08,54222894.72,67701147.8400001,51515585.28,128192120.64,56910306.24
1977,65308057.92,30569054.4,81683112.96,110512788.48,74783511.36,146735530.56,74166252.48,149916432.96,77892148.8,100188031.68,100420395.84,77015543.04,71191699.2,66314410.56,73428672.96,85555128.96
1978,49212843.84,40262512.32,81606916.7999999,99955226.88,108942157.44,80680821.12,122170446.72,117028385.28,147512404.8,58368340.8,85805533.44,61451766.72,90029931.84,69605429.76,60860712.96,72573053.76
1979,64604096.64,45193455.36,93115716.48,74953486.08,55485475.2,89112407.04,87551521.92,202401072,78039711.36,78321055.6799999,115839089.28,78621658.56,65283045.12,89486881.92,64945661.76,62960621.76
1980,47817717.12,38213138.88,94497321.6,106080736.32,127578654.72,77533381.44,64020430.08,203471654.4,73229529.6,33133881.6,69596159.04,64387742.4,56456619.84,74749737.6,62289095.04,69858426.24
1981,42085500.48,46038905.28,60244560,66770714.88,66088509.12,79368992.64,80175096,108978445.44,79919032.32,59491912.32,99071700.48,51972744.96,53364035.52,124392041.28,48697623.36,98286471.36
1982,49064978.88,39586276.8,63366831.36,66268635.84,71423544.96,104573712.96,95676016.32,87636988.8,77414469.12,69052780.8,86282357.76,67165260.48,70129730.88,56816078.4,62136305.28,72444067.2
1983,67879347.84,51456764.16,59799211.2,85752578.88,98913916.8,72727865.28,113350605.12,139349160,87172001.28,116273439.36,96415004.16,55266278.4,67695912,67204771.2,67034329.92,73742400
1984,45140431.68,42287408.64,108782256.96,77461341.12,58212233.28,57792139.2,78363400.32,128732880.96,105395135.04,107775256.32,89813188.8,61759506.24,62508490.56,75797035.2,54689152.32,86412899.52
1985,52574512.32,62642341.44,90941391.36,52740253.44,105211941.12,65910680.64,81130230.72,140262788.16,121615888.32,77272168.32,91748315.52,77266880.64,59098394.88,57095815.68,90509901.12,123001139.52
1986,70110273.6,36423812.16,86859371.52,124883035.2,97927807.68,94941590.4,57716936.64,190215976.32,71543416.32,83924976.96,77122316.16,58429270.08,55064612.16,48262651.2,63723870.72,71537567.04
1987,78346742.4,42946424.64,51229903.68,74439820.8,80186924.16,83219417.28,99328541.76,160589995.2,61014150.72,74152039.68,83570840.64,54312180.48,71537852.16,75316979.52,69586024.32,74906303.04
1988,41629654.08,49409585.28,74268731.52,65695682.88,69893807.04,83670010.56,111944462.4,131226497.28,55353067.2,141776887.68,84791007.36,68406759.36,78116702.4,62346931.2,107431358.4,76270654.08
1989,66664995.84,58363977.6,69725378.88,80674583.04,110298153.6,78657549.12,155003760,171617088.96,109560306.24,59691962.88,102344454.72,73591476.48,66528216,86281692.48,70528285.44,70835247.36
1990,53779299.84,49069730.88,102617159.04,93976554.24,95947528.32,80995420.8,104536586.88,104134049.28,119538547.2,66440304,82765860.48,98173347.84,66290313.6,84386698.56,92978271.36,84277998.72
1991,51502944.96,53125104.96,99907369.92,126476380.8,96287875.2,93222852.48,77339664,82335398.4,72428774.4,59948441.28,110359627.2,68854838.4,58271063.04,89991198.72,73507357.44,102557560.32
1992,66033688.32,33172943.04,61245789.12,96742935.36,86439502.08,94907116.8,75756556.8,155512310.4,123629647.68,117731214.72,71444341.44,59236151.04,46361704.32,68428825.92,63497036.16,77543516.16
1993,50957588.16,42211264.32,90723672,76664214.72,104020666.56,93870351.36,113590693.44,126151162.56,104783500.8,87049416.96,90871977.6,75917779.2,76680673.92,63199293.12,81366128.64,74333998.08
1994,61520446.08,47467442.88,63116392.32,81700712.64,57298449.6,125959363.2,40479099.84,87731856,83714878.08,73841293.44,60888818.88,102548289.6,72021476.16,87869646.72,84149642.88,75881750.4
1995,63401019.84,56807818.56,71409496.32,46415566.08,86186082.24,87523899.84,90841901.76,115731046.08,99075536.64,71566917.12,105263737.92,61297983.3600001,44143764.48,90914045.76,89536942.08,95220757.44
1996,62023415.04,37219452.48,107882297.28,65852447.04,92028985.92,68723346.24,102927758.4,109820577.6,143412068.16,88820832.96,67687513.92,58049196.48,59893378.56,55974231.36,72911802.24,83265269.76
1997,66474552.96,37282351.68,78964925.76,92979567.36,101647768.32,67373959.68,122303692.8,103690082.88,87188736.96,123243949.44,99918792,70863111.36,57586835.52,62440994.88,66467476.8,71776506.24
1998,49781200.32,48113524.8,94526308.8,91398818.88,66753659.52,88083512.64,85277024.64,162402537.6,111821610.24,77922665.28,69074398.08,73338540.48,63309193.92,89953130.88,98354122.56,81806915.52
1999,55693362.24,39259814.4,90474598.08,100159372.8,48881370.24,69238471.68,68509480.32,100996018.56,76478342.4,69063382.08,68649050.88,77259890.88,75997647.36,72051785.28,70316467.2,103452742.08
2000,65602422.72,36480654.72,55542265.92,99578669.76,95929418.88,57226322.88,78543881.28,128463520.32,61807743.36,103959313.92,117946031.04,77406874.56,66608645.76,85616732.16,87778831.68,69828972.48
2001,57417275.52,48175836.48,87571739.52,138002088.96,84867056.64,107345390.4,93129082.56,100899518.4,99070464.96,99209594.88,103822430.4,51676220.16,71507033.28,88446755.52,127589497.92,82206498.24
2002,95145408,48707170.56,78766750.08,81087937.92,102357812.16,91182551.04,93948819.84,147140547.84,148490867.52,137135324.16,66201062.4,58429728,83851839.3599999,94928120.64,144906364.8,71916379.2
2003,57499191.36,61982107.2,87744427.2,71193358.08,80205500.16,93926908.8,76608789.12,113262312.96,154079167.68,75953246.4,115673512.32,67561957.44,48792533.76,77895777.6,64807819.2,85703857.92
2004,88799682.24,48573388.8,61254221.76,145797088.32,96189128.64,101376558.72,96871075.2,169596434.88,119611581.12,138923838.72,93454931.52,88511106.24,55944302.4,120785489.28,84004827.84,70927289.28
2005,65043008.64,55478856.96,80977354.56,79540272,75899946.24,67295508.48,102068519.04,95904466.56,92077603.2,77422858.56,77893064.64,60109335.36,75027504.96,63588067.2,87557561.28,74373759.36
