"Date","Debits_Cumules"
1967,466.085
1968,617.7924
1969,712.2685
1970,758.9655
1971,587.605
1972,580.8018
1973,620.49
1974,765.2363
1975,839.4638
1976,557.9607
1977,872.423
1978,806.2945
1979,645.5076
1980,876.4323
1981,578.3999
1982,930.1302
1983,810.352
1984,715.9392
1985,708.3391
1986,649.4514
1987,555.8806
1988,855.7548
1989,758.5849
1990,940.058
1991,679.0389
1992,632.8128
1993,937.3039
1994,952.0825
1995,1079.3022
1996,688.9422
1997,900.7681
1998,927.9933
1999,808.0984
2000,736.6866
2001,1028.1257
2002,656.7781
2003,1022.2034
2004,853.2267
2005,555.1959
2006,636.2184
2007,792.9944
2008,681.8599
2009,658.6253
2010,719.8454
2011,696.7002
2012,572.7173
2013,791.8894
2014,922.8927
2015,736.4837
2016,803.1603
2017,675.9724
2018,815.0514
