"Date","ACCESS1_0","ACCESS1.3","CanESM2","CNRM","GFDLCM3","GFDLM2G","GFDLM2M","INMCM","IPSL_CM5A_LR","IPSL_CM5A_MR","IPSL_CM5B_LR","MIROC","MIROC5","MPI_LR","MPI_MR","MRI"
2009,858382729.92,1202580259.2,777848901.12,990334416.96,964394726.4,937387408.32,1063947934.08,918182407.68,747997182.72,928179259.2,815610176.64,879311868.48,816859969.92,754488820.8,747170308.8,774930136.32
2010,927953064,1029104222.4,1011995130.24,1158479755.2,915450189.12,903013531.2,984746462.4,779268625.92,784016850.24,725670515.52,740459923.2,812057780.16,1007736413.76,946731214.08,783163278.72,650848677.12
2011,840139542.72,919797344.64,950400457.92,1021149417.6,962695497.6,1220977869.12,793050229.44,748284998.4,844628160.96,880299757.44,945272350.08,897134970.24,965461308.48,934462716.48,892499135.04,826016866.56
2012,724323453.12,974656074.24,903688444.8,1007264134.08,921382179.84,878158445.76,836963444.16,785686383.36,860059667.52,849319464.96,675417657.6,1063130261.76,963734120.64,795367961.28,853455009.6,809848532.16
2013,1019803832.64,921641751.36,884316268.8,891692928,879337823.04,845308232.64,1166185753.92,799620327.36,1060776000,1068295685.76,918826044.48,871311168,939098759.04,867036415.68,1053494804.16,785652428.16
2014,877486711.68,913022608.32,1258258060.8,955261624.32,869102377.92,902763740.16,865544460.48,587841762.24,855432869.76,768456279.36,913789373.76,883048072.32,1083007523.52,867586170.24,815886190.08,832509774.72
2015,912228341.76,948418511.04,885164863.68,876103888.32,857878456.32,944624453.76,923245741.44,726036531.84,939974673.6,728446824,893235625.92,1015058200.32,1107127656,880825008.96,822677575.68,932118174.72
2016,948212222.4,975102131.52,998203893.12,936529162.56,815012798.4,865272948.48,1019953287.36,546265010.88,828889338.24,733686232.32,924097092.48,854350018.56,842759121.6,884291904,830326567.68,844533622.08
2017,1074081936.96,1010655809.28,874683360,943117767.36,871272763.2,983673020.16,1086583921.92,716393471.04,774702040.32,796083975.36,719257155.84,1131800722.56,874349527.68,864587926.08,902476520.64,756494674.56
2018,804430768.32,1241381168.64,830851084.8,880256488.32,850020799.68,827397849.6,752142775.68,573804233.28,1090397782.08,815526040.32,844553260.8,943453638.72,812483317.44,872497906.56,894104369.28,652378769.28
2019,812404054.08,921828314.88,985171023.36,687532605.12,914919001.92,847024076.16,887048668.8,669154893.12,852753579.84,988951455.36,1000564064.64,932032552.32,1039350199.68,830381405.76,993668368.32,827694270.72
2020,855502032.96,1045409215.68,1082610912.96,845054389.44,850611602.88,856512446.4,883923909.12,683332035.84,903511722.24,839956452.48,833396973.12,949177111.68,837423679.68,836951322.24,1081334473.92,818162242.56
2021,1137753034.56,885258754.56,1098557069.76,968474197.44,1055810747.52,894693617.28,941068316.16,756764406.72,1027586856.96,956011610.88,892536926.4,965688341.76,1135357508.16,1063320972.48,846851518.08,834888055.68
2022,888978222.72,966772592.64,802883197.44,828937704.96,1002254325.12,754606592.64,943136628.48,667357254.72,840084082.56,933697419.84,876960449.28,788081745.6,963521498.88,1045441978.56,922646600.64,942124089.6
2023,910240398.72,1012824622.08,847147705.92,1007604230.4,818156980.8,851225604.48,695405208.96,877688904.96,783469869.12,806400740.16,740395399.68,831374798.4,1051362875.52,793256034.24,1051585951.68,866720770.56
2024,872011664.64,1067958907.2,764761245.12,1032694064.64,907794691.2,1112985385.92,786878107.2,657658344.96,837126230.4,950158848.96,814472349.12,758914254.72,964877927.04,778810904.64,1008015451.2,734554897.92
2025,906255578.88,1009287285.12,845538652.8,962939257.92,829776683.52,837398381.76,1089126509.76,651833602.56,760096025.28,842560574.4,781075008,741095542.08,933702776.64,697064875.2,696869248.32,936309369.6
2026,937204223.04,878698920.96,885083889.6,1046284223.04,810605759.04,828450676.8,1010881563.84,945943220.16,817418001.6,938128115.52,844768025.28,817437899.52,912615128.64,874466928,788838480,1047374141.76
2027,874376182.08,1098736168.32,729223274.88,898438547.52,846241905.6,939201816.96,835610506.56,895949164.8,752295504.96,763590732.48,939753178.56,1054512328.32,905570521.92,908618307.84,774535452.48,1119213374.4
2028,871574394.24,721826095.68,826967214.72,1112156654.4,856650798.72,809172149.76,905866234.56,886023601.92,838085823.36,917261340.48,715543502.4,848239957.44,1088450516.16,795025212.48,972244848.96,880768365.12
2029,823856028.48,834824335.68,786750382.08,1060891827.84,852173758.08,894536231.04,700463332.8,704798997.12,997382315.52,652559889.6,650632210.56,834766067.52,917027853.12,749015856,778322442.24,814254958.08
2030,707837002.56,857587314.24,790230314.88,969757073.28,1168219056.96,682596797.76,875216240.64,998283623.04,705036303.36,958314240,812672101.44,821715269.76,900909319.68,1085805069.12,769541247.36,761000434.56
2031,1184955194.88,839393349.12,978655089.6,822601992.96,952689850.56,1023521840.64,1071056044.8,880548952.32,977370390.72,695038518.72,873222016.32,939738084.48,833506683.84,1057342351.68,693167993.28,840394111.68
2032,996264861.12,868914760.32,967428195.84,885898676.16,798578058.24,871638710.4,904193357.76,873793785.6,848897202.24,965177717.76,807447407.04,1199289663.36,843281314.56,822847455.36,659705765.76,807649479.36
2033,901027644.48,1000285580.16,716025562.56,944081066.88,978051862.08,850583211.84,801809608.32,776468747.52,718110705.6,1051622161.92,821025469.44,899463087.36,754391378.88,1091668086.72,1028015824.32,703870819.2
2034,836059095.36,901134175.68,1027663813.44,975966719.04,758758579.2,870241596.48,858617616.96,737451682.56,796540590.72,679551102.72,931861324.8,768783078.72,986976774.72,923392085.76,775029574.08,863378308.8
2035,1123820611.2,846989663.04,997289297.28,985165122.24,728898661.44,957376920.96,759488244.48,805505912.64,880856821.44,754078282.56,818799667.2,754428107.52,982974657.6,552293017.92,846851250.24,959312678.4
2036,713107195.2,988822935.36,800198274.24,805126478.4,913830906.24,781027220.16,891634495.68,529274269.44,1017525784.32,745394624.64,872007085.44,736035716.16,900067187.52,1046342214.72,752697264.96,815261768.64
2037,904395801.6,911704230.72,1034931911.04,972886083.84,836137287.36,679579917.12,1083027395.52,526042624.32,912596094.72,812285452.8,789541879.68,769202360.64,920860496.64,880107310.08,920195233.92,818581887.36
2038,920127142.08,829871291.52,877618126.08,896259340.8,819629772.48,768991121.28,963641983.68,597534131.52,822038232.96,782433432,974060467.2,857747931.84,1028300719.68,720254194.56,769030934.4,863742009.6
2039,733546782.72,847343868.48,655738528.32,883285698.24,716228974.08,816185116.8,833051183.04,1138475787.84,857522799.36,908443987.2,745709448.96,768294590.4,860149290.24,995305864.32,981166642.56,908140394.88
2040,884198306.88,761357560.32,770352016.32,925419712.32,902044598.4,1107277534.08,755946596.16,812767193.28,944411987.52,896825442.24,846383351.04,844948385.28,782030548.8,987499097.28,815564980.8,742373424
2041,784438430.4,857080172.16,930338801.28,910408567.68,914275200.96,893677847.04,875899275.84,602199645.12,747598014.72,783509328,735253303.68,887076558.72,818893065.6,897175897.92,811054123.2,818273888.64
2042,817128535.68,1063230468.48,722097046.08,833085544.32,962851968,866428125.12,852237702.72,788088916.8,1001884567.68,852687380.16,814373671.68,722535638.4,775914120,907904652.48,918790862.4,616394387.52
2043,747031602.24,876453367.68,734003182.08,761861592,917898912,928629247.68,694381533.12,727639087.68,740328724.8,870053978.88,767311315.2,1094339808,1081101384,696617677.44,744948247.68,833258197.44
2044,747095676.48,1088352944.64,714935376,973296293.76,856777383.36,894164927.04,863327306.88,682602327.36,845850522.24,943606843.2,1059003305.28,831823352.64,857622634.56,1007217383.04,689620815.36,945137332.8
2045,1119142941.12,828476683.2,668567571.84,909255412.8,870821184.96,815216978.88,818983949.76,552603098.88,992949840,790090899.84,909261184.32,761451960.96,707092251.84,779618062.08,869524355.52,787025894.4
2046,901169305.92,968468460.48,872444390.4,940365322.56,923897620.8,1244643753.6,852193967.04,671190088.32,1066732329.6,825427825.92,748460234.88,706540121.28,690679215.36,870065340.48,976216112.64,750571824.96
2047,811689361.92,1007719885.44,833520326.4,1021411805.76,705933601.92,908391680.64,943186792.32,965414064.96,852593765.76,1143686865.6,792115450.56,1072274371.2,956214158.4,921057212.16,909582756.48,983749440.96
2048,769144368.96,926711228.16,762636954.24,840808036.8,818407800,794807182.08,889732555.2,687191929.92,766387656,1034218903.68,590847255.36,946697915.52,1046912005.44,848791137.6,941712341.76,831629419.2
2049,976550420.16,930564063.36,967573788.48,855559998.72,739610386.56,950492275.2,819995754.24,668345351.04,866063180.16,987304006.08,688436962.56,974715240.96,1014046663.68,836692787.52,851377124.16,847792776.96
2050,801043577.28,670283510.4,826686509.76,886085343.36,820253692.8,937804348.8,848334859.2,676014249.6,1042225099.2,856921878.72,1045137254.4,983884060.8,698130109.44,772525944,1011669238.08,699443873.28
2051,775842598.08,975896475.84,960996813.12,1025967211.2,896323423.68,879960888,924979219.2,756471787.2,976789022.4,868813680.96,668052653.76,798411841.92,807197123.52,829829741.76,641252661.12,640868258.88
2052,706653037.44,864213511.68,1097951621.76,953046984.96,704037242.88,753733702.08,997037164.8,829652880.96,959877120.96,836523400.32,800753506.56,756449763.84,910072203.84,1087684968.96,859689270.72,762628452.48
2053,618837192,841099178.88,853129143.36,877405279.68,810142810.56,1084424518.08,957767518.08,650449474.56,787358499.84,790122867.84,822571528.32,1033939572.48,886393532.16,886451212.8,596297350.08,926482734.72
2054,879357306.24,863784984.96,764002264.32,833457263.04,1009712165.76,878355264.96,764681679.36,850368024,713061429.12,804803160.96,930664598.4,875873053.44,804152257.92,776184474.24,742012401.6,916212703.68
2055,1090025026.56,709818163.2,1002214607.04,1212732198.72,827104400.64,809495760.96,721020674.88,632116517.76,1003036201.92,993898131.84,917391070.08,968793436.8,838434291.84,914035164.48,795190590.72,865715126.4
2056,959383751.04,911755362.24,826583469.12,902935382.4,749759846.4,530583981.12,847973154.24,551732480.64,914269343.04,661755864.96,854381295.36,855489833.28,783432889.92,794610388.8,1013453648.64,848746226.88
2057,713289110.4,928555462.08,779993910.72,1082200694.4,755252104.32,635111159.04,737916177.6,774470185.92,931929494.4,842440219.2,1086199683.84,801068097.6,699205080.96,1089573638.4,800912016,716529093.12
2058,764945804.16,890174439.36,856033401.6,881808327.36,725119542.72,867116076.48,856573764.48,416061584.64,827962300.8,761456816.64,689589953.28,854125974.72,865742117.76,756356270.4,755613740.16,808614515.52
2059,861841719.36,975703691.52,873418913.28,1097255583.36,837183211.2,924048743.04,1030455086.4,532756033.92,916197099.84,816809581.44,708837713.28,814329097.92,1004058011.52,798812608.32,790697704.32,673213308.48
2060,719569042.56,934416371.52,761520329.28,819397771.2,916899868.8,865266122.88,896597294.4,480069866.88,779330885.76,603363651.84,748161869.76,1032098725.44,889927084.8,824649733.44,1014166509.12,746390263.68
2061,735298318.08,784696092.48,567876121.92,724472285.76,882126305.28,725461237.44,884526004.8,631466297.28,787736232,692240826.24,680624095.68,999584677.44,987675716.16,835735224.96,591612042.24,657406964.16
2062,829887163.2,739623804.48,899871094.08,845655534.72,863134159.68,1016289383.04,763713247.68,584650923.84,826830953.28,737239224.96,785454408,881838264.96,980112476.16,746909579.52,865618401.6,537150847.68
2063,789659513.28,807723282.24,752063486.4,896382141.12,743261261.76,991556985.6,828146229.12,569049157.44,676103544,972788149.44,677789199.36,1012609339.2,860822087.04,894675602.88,831546915.84,885298809.6
2064,910487096.64,962273960.64,949513717.44,858708794.88,815310178.56,739770624,711650681.28,800336833.92,681588302.4,746646629.76,999975024,1012058167.68,735178438.08,875002106.88,741358656,677692180.8
2065,735136439.04,860304481.92,1097479514.88,834586320.96,917684830.08,776107975.68,861275237.76,635347748.16,712324609.92,939319943.04,713028752.64,924082983.36,987211990.08,722799806.4,1000421815.68,920344299.84
2066,807663908.16,818282450.88,743158791.36,733013642.88,909300453.12,836788311.36,926537408.64,642860876.16,840403529.28,1020171680.64,722246552.64,885517868.16,827390142.72,800307725.76,756372669.12,866504044.8
2067,713378206.08,857610478.08,768994050.24,945913481.28,825523211.52,753936474.24,559919459.52,712491914.88,676108684.8,744469548.48,802294070.4,935604691.2,607978820.16,785620252.8,780596136,1084539067.2
2068,715354666.56,946258727.04,878106139.2,1064677806.72,696022364.16,810884822.4,743680837.44,559675319.04,886253538.24,688429964.16,957422557.44,891726321.6,822209192.64,913706619.84,734213695.68,871053376.32
2069,736411167.36,956352553.92,931810832.64,897124809.6,625782784.32,798539826.24,695435647.68,533687659.2,917120776.32,829311255.36,686216102.4,619393884.48,788725278.72,779522149.44,670377366.72,704171681.28
2070,605910991.68,918975257.28,944977363.2,744912780.48,705109872.96,875425968,909133260.48,686064124.8,925612548.48,729791294.4,835221473.28,775405586.88,825348035.52,834960381.12,713263734.72,787855403.52
2071,863344846.08,831546311.04,729965770.56,784167168.96,748799976.96,864640992.96,725156072.64,558747832.32,786910282.56,707844346.56,772681567.68,823884281.28,1089968209.92,632039319.36,764037809.28,785625177.6
2072,664597344.96,567803113.92,785491801.92,830551164.48,794377411.2,553903911.36,860107593.6,483229134.72,869508043.2,903034880.64,631066939.2,877047315.84,853559536.32,858628710.72,694815442.56,877050192.96
2073,803473300.8,581814463.68,784527145.92,1026206435.52,882078759.36,794417198.4,702393422.4,614888841.6,824890703.04,1034016589.44,791384083.2,894423643.2,771069438.72,741830581.44,815892523.2,764991889.92
2074,877180596.48,858112574.4,1090617255.36,808405902.72,951075527.04,742291905.6,820438727.04,883910396.16,816491301.12,979033063.68,811135304.64,927326136.96,664756571.52,660351389.76,764794733.76,823231054.08
2075,782349010.56,827247651.84,890836090.56,674510362.56,844007342.4,707218905.6,750047592.96,693728677.44,769881378.24,868254465.6,747306423.36,847487275.2,878984974.08,705757613.76,854863122.24,807862991.04
2076,618186435.84,869908187.52,864640327.68,926916747.84,762869931.84,609560994.24,981677188.8,733166303.04,908310931.2,1045810172.16,892021006.08,743241009.6,722206091.52,929068427.52,587264783.04,726963863.04
2077,932836279.68,838670742.72,696876860.16,966724778.88,759395908.8,874182862.08,925050335.04,744700849.92,687894137.28,630731586.24,930224770.56,801560327.04,1046827169.28,675388584,724594498.56,640393223.04
2078,733213270.08,846879485.76,954296130.24,900199042.56,643600382.4,834251451.84,800294463.36,588987365.76,865123433.28,727406524.8,759573668.16,877865808.96,876623281.92,694545148.8,840472459.2,676129152.96
2079,742943543.04,1096037628.48,897514905.6,711793802.88,911868554.88,641674293.12,853785584.64,709361841.6,916203398.4,688690382.4,824127523.2,743578833.6,610952310.72,812463721.92,708066308.16,933612912
2080,737039399.04,690059260.8,869221169.28,795338049.6,943815879.36,759715467.84,805841524.8,871248493.44,941887776.96,1016059766.4,856379537.28,733794275.52,763020362.88,879136891.2,713073144.96,773506005.12
2081,831634015.68,725970254.4,773461094.4,861209210.88,762763547.52,851580440.64,706357523.52,347499607.68,746773594.56,1063322277.12,779270587.2,757495765.44,696067560,828928062.72,606568210.56,644260772.16
2082,867828729.6,722325444.48,781735354.56,809798826.24,724474056.96,846488672.64,1034355312,665786252.16,858019305.6,678226262.4,861038432.64,980138439.36,914896416.96,670121199.36,642970638.72,663119222.4
2083,864627410.88,850585389.12,1211194149.12,694229071.68,981959820.48,749823782.4,729728784,531325267.2,710452434.24,918983629.44,890810879.04,754760220.48,970006717.44,720277410.24,841971231.36,735182231.04
2084,751843149.12,664074201.6,857791339.2,752580054.72,764617942.08,514771986.24,902225088,677595248.64,759427427.52,1135329264,981200649.6,842057717.76,975073507.2,924531183.36,555202736.64,634221446.4
2085,822406392,881143773.12,957963551.04,776178961.92,638110595.52,705663342.72,955262194.56,573554563.2,827163204.48,963806489.28,943188468.48,764777332.8,870280485.12,846342673.92,679738979.52,831723232.32
2086,880049543.04,722942642.88,732442504.32,889434552.96,790658046.72,736125295.68,932120568,727322993.28,767054327.04,818701940.16,1080291427.2,984749287.68,813344448.96,894587958.72,712030521.6,667688529.6
2087,642447400.32,1080593818.56,836968412.16,864818631.36,866881232.64,721390950.72,639336222.72,757819031.04,740132043.84,942924507.84,755552733.12,966490349.76,570149254.08,745187921.28,789205852.8,584651831.04
2088,656348814.72,594456796.8,848104223.04,700114078.08,738216590.4,770210320.32,768569791.68,863393506.56,825149401.92,763959453.12,842802580.8,1142955757.44,635738976,600753162.24,690761986.56,725791311.36
2089,892456773.12,682807060.8,791869478.4,991217433.6,853642981.44,842872858.56,874485849.6,911854514.88,926164316.16,766850518.08,874570521.6,961829976.96,612726215.04,835833530.88,669798236.16,842692584.96
2090,772458802.56,739956824.64,737705594.88,856820617.92,708322406.4,796015036.8,726770975.04,527093291.52,903821086.08,679092102.72,919320373.44,967362220.8,944309776.32,916528530.24,599854593.6,844655186.88
2091,707769437.76,796096252.8,767562696,746965756.8,721945569.6,639719544.96,845848802.88,486505388.16,913334927.04,843792292.8,778364726.4,940010650.56,715320002.88,826047504,766183674.24,725180532.48
2092,728864326.08,827109385.92,900329662.08,779018999.04,880118317.44,647523892.8,778709255.04,587485716.48,848961570.24,731126761.92,660580418.88,994747141.44,736640317.44,648201821.76,761148619.2,737588842.56
2093,871761666.24,925041047.04,646018364.16,943057857.6,827922237.12,785071085.76,838837192.32,597412463.04,1111452451.2,857698770.24,928366030.08,718205581.44,791115258.24,864628585.92,674988448.32,639937048.32
2094,775853985.6,947873050.56,744976163.52,795619307.52,750974777.28,856160582.4,890121985.92,532421337.6,732304791.36,1017035991.36,799454802.24,797151412.8,751999584.96,682278076.8,552203593.92,842482624.32
2095,754228765.44,765369008.64,767213052.48,745055478.72,847719120.96,666293100.48,848796382.08,541019010.24,705335739.84,824270247.36,770857611.84,870789778.56,557242925.76,707668496.64,895767189.12,623678866.56
2096,780986940.48,1002694654.08,713758461.12,668557013.76,821884570.56,888281182.08,915443596.8,507945677.76,759415530.24,760214134.08,781883115.84,888858774.72,613693290.24,864987448.32,989629401.6,760243034.88
2097,773621107.2,1041973251.84,1060731996.48,831731008.32,711912576.96,694524792.96,787607988.48,546500649.6,740157194.88,1017351213.12,635532384.96,789194586.24,811159133.76,733306875.84,772419922.56,926394917.76
2098,794555403.84,896597277.12,813146299.2,867231256.32,724813332.48,718544632.32,661201306.56,602634859.2,832137252.48,1035728501.76,738973238.4,873046365.12,981422922.24,739291043.52,806750357.76,1039352860.8
2099,730224538.56,948980352.96,763343205.12,730133507.52,649746558.72,885562070.4,695159089.92,667665443.52,732951659.52,781128282.24,842173632,988480437.12,723779910.72,700791739.2,740238065.28,936246288.96
2100,595415327.04,668773661.76,770109681.6,709394353.92,718056895.68,792330940.8,699558353.28,528128985.6,973811695.68,744718259.52,781215805.44,1060863436.8,849720473.28,674041832.64,739698523.2,1003380134.4
