"Date","Debits_Cumules"
1967,5038.24
1968,4006.051
1969,4112.071
1970,5609.958
1971,4786.6
1972,3349.349
1973,4407.15
1974,3959.045
1975,4250.976
1976,4002.623
1977,4288.38
1978,5049.144
1979,5035.558
1980,5535.032
1981,4479.447
1982,5144.593
1983,4936.598
1984,4137.851
1985,4898.679
1986,4168.556
1987,5343.14
1988,4228.855
1989,3724.941
1990,4567.022
1991,4779.909
1992,4544.165
1993,4781.403
1994,5286.736
1995,4985.302
1996,4214.264
1997,4591.716
1998,4784.575
1999,5299.766
2000,4178.803
2001,6135.684
2002,4549.142
2003,5730.21
2004,4501.972
2005,4887.961
2006,5013.933
2007,5379.88
2008,5018.02
2009,5012.34
2010,5108.315
2011,4438.566
2012,5256.291
2013,5212.514
2014,4909.781
2015,5699.32
2016,5250.236
2017,5233.617
2018,5038.287
