"Date","ACCESS1_0","ACCESS1.3","CanESM2","CNRM","GFDLCM3","GFDLM2G","GFDLM2M","INMCM","IPSL_CM5A_LR","IPSL_CM5A_MR","IPSL_CM5B_LR","MIROC","MIROC5","MPI_LR","MPI_MR","MRI"
1967,791276437.44,896938081.92,699828465.6,855012153.6,622624121.28,636384237.12,640716842.88,719425661.76,829841664.96,742152447.36,832079977.92,648506027.52,809827666.56,805491319.68,796347426.24,745698208.32
1968,772329193.92,723130778.88,758696448.96,720818542.08,671271278.4,747441587.52,616243887.36,681794159.04,658909598.4,778134954.24,777818514.24,817821005.76,676395092.16,824808605.76,800673880.32,669218595.84
1969,929595847.68,893629877.76,822200846.4,783966323.52,770878416.96,674169808.32,633667492.8,774145667.52,818927392.32,774874416.96,716914108.8,713814932.16,722046562.56,841170208.32,686104983.36,740532827.52
1970,939902702.4,734341438.08,821429501.76,905148803.52,615476603.52,739636090.56,872711375.04,827951690.88,631617998.4,845104242.24,778112118.72,644574144.96,726320485.44,755801340.48,827200304.64,800668592.64
1971,891541080,752113175.04,859890461.76,685835804.16,780832215.36,905701132.8,925486879.68,744084394.56,856860284.16,918728688.96,821271355.2,656283150.72,694062786.24,889602264,819653014.08,838197927.36
1972,787144625.28,915513027.84,824473321.92,991898239.68,810448822.08,1090809996.48,885204616.32,865227087.36,687886862.4,931929917.76,996029127.36,681280951.68,756207576,912905380.8,817395071.04,789441880.32
1973,683718762.24,777520192.32,850163532.48,840027265.92,859786030.08,859161591.36,959230900.8,828544282.56,901927440,940567455.36,997822998.72,781694245.44,842562777.6,716467394.88,806113226.88,693163163.52
1974,753332728.32,870979504.32,899744405.76,638185443.84,783536587.2,1051969083.84,834985860.48,756758298.24,657241413.12,687479529.6,716718611.52,846216953.28,876385051.2,670176789.12,911356064.64,1069217504.64
1975,881360205.12,842710495.68,704102785.92,814646833.92,893315442.24,850503585.6,740490396.48,617800245.12,797416151.04,668398798.08,712473252.48,597328845.12,804610056.96,752943703.68,919482105.6,609832445.76
1976,958237819.2,661168431.36,886054334.4,738185624.64,621752492.16,862636020.48,642759373.44,716636220.48,702445538.88,823588741.44,882112636.8,723577968,832225872.96,725474681.28,876282433.92,755048010.24
1977,820858294.08,765720112.32,845377992,1016531648.64,1010727590.4,1027623024,908292061.44,839030348.16,773245232.64,661079482.56,764517623.04,679268462.4,910655256.96,784071290.88,600135298.56,856482439.68
1978,949655577.6,798692832,926999328.96,842091258.24,787676218.56,865367366.4,855585097.92,948229295.04,760243622.4,742656029.76,795236088.96,870625247.04,900113523.84,968295954.24,632247517.44,900254442.24
1979,868935677.76,644697195.84,977992902.72,947604674.88,731450183.04,1044858441.6,639761690.88,786120698.88,974385633.6,742317359.04,763185879.36,818273050.56,772385155.2,825678221.76,764703072,806251708.8
1980,883503529.92,883039017.6,867070984.32,789471550.08,965194738.56,700086542.4,826098315.84,872596186.56,758662735.68,691649314.56,843906047.04,780818685.12,705990556.8,912885033.6,794824678.08,720494930.88
1981,686964723.84,854101843.2,759970071.36,859122771.84,756675285.12,934188016.32,649680194.88,685626266.88,746395922.88,692247928.32,773480240.64,850310602.56,850291845.12,705099332.16,626472714.24,737817275.52
1982,862113939.84,875686533.12,753648727.68,745019622.72,859488442.56,691732535.04,804498773.76,791966695.68,697536541.44,728593971.84,917714741.76,733888684.8,705559334.4,692658751.68,732270870.72,761470545.6
1983,914221045.44,668540701.44,976907908.8,694518978.24,753381673.92,611270072.64,982202232.96,685169547.84,675614096.64,895493828.16,729880182.72,734722686.72,818521182.72,692799281.28,734001626.88,712697529.6
1984,732907975.68,765726436.8,936545518.08,900636459.84,972551188.8,890489799.36,956277429.12,754823767.68,851401808.64,834266079.36,1031921380.8,742330172.16,769391179.2,814747075.2,805492373.76,833135967.36
1985,815110464.96,886313128.32,1059938896.32,660490295.04,846353733.12,694824056.64,690909756.48,669695765.76,838979942.4,799289043.84,757770024.96,858949799.04,647908813.44,643480364.16,837196292.16,923749341.12
1986,989373942.72,654000099.84,835035592.32,731549733.12,771220586.88,740505352.32,944632696.32,1061950322.88,679147493.76,845891856,661294376.64,770817911.04,954176189.76,729884157.12,794573893.44,902869899.84
1987,885456792,730285381.44,849172965.12,942555623.04,670132621.44,869139020.16,1022678792.64,671733025.92,825170647.68,894344431.68,809717221.44,918797757.12,970560792,720188928,762978130.56,825929222.4
1988,903634410.24,837517285.44,881624891.52,740887914.24,948668595.84,840144821.76,875278681.92,868618589.76,830413693.44,747357986.88,835253795.52,794861596.8,756779345.28,803489820.48,785545542.72,691047832.32
1989,775548095.04,964874488.32,857642670.72,787084758.72,853516681.92,841860371.52,984175902.72,720776836.8,873385467.84,901062576,859874719.68,924903014.4,970099001.28,879927192,785008946.88,932076676.8
1990,895946529.6,712889493.12,868523912.64,902823088.32,759780466.56,844971194.88,931833322.56,608338995.84,684615542.4,676828370.88,770974139.52,1080207619.2,790528584.96,915897386.88,813780622.08,926589231.36
1991,679020693.12,674123497.92,996136056,907656848.64,845163063.36,827536443.84,710081035.2,812662148.16,807880815.36,714054700.8,865172888.64,696832536.96,751301585.28,720127938.24,809812451.52,932541672.96
1992,801353623.68,714258034.56,895773193.92,646299138.24,859324248,928754164.8,781156630.08,995513647.68,879126514.56,965722944.96,716449484.16,812302447.68,840160382.4,667052513.28,841482673.92,896956597.44
1993,799619705.28,1029340690.56,811076958.72,842684230.08,861613744.32,1052014409.28,730206178.56,767592866.88,933796105.92,735305834.88,976714346.88,1003823521.92,770168718.72,710124580.8,758404745.28,988799771.52
1994,974371766.4,917183286.72,865602426.24,656367226.56,772367857.92,935040006.72,764212700.16,539289437.76,757567062.72,906537484.8,709726933.44,936880957.44,827011857.6,866613798.72,861845832,928358487.36
1995,871954977.6,740961596.16,1039957064.64,700888343.04,787976890.56,776294323.2,956045341.44,669684214.08,1075919241.6,702005080.32,871897746.24,835496346.24,714609587.52,766181704.32,714187056.96,873056508.48
1996,984511540.8,951802885.44,984357247.68,692109014.4,953122170.24,726022621.44,951991246.08,783428647.68,936705116.16,1008880513.92,726899814.72,856681401.6,787688444.16,643493419.2,860771966.4,746131711.68
1997,802361306.88,993587834.88,1140624504,818516370.24,775812012.48,734576333.76,781314906.24,914169594.24,884263478.4,882798143.04,696417298.56,1078033872.96,783805049.28,780535059.84,873217100.16,874173919.68
1998,712595465.28,806173171.2,856259346.24,910680062.4,725678853.12,996534973.44,941173724.16,723788118.72,957043010.88,776780064,760919080.32,1028085756.48,964009477.44,1029111307.2,966030252.48,945569851.2
1999,907365697.92,746699748.48,821669304.96,778982693.76,794302519.68,785827258.56,757073338.56,694292351.04,826049352.96,823682217.6,947530932.48,833607149.76,816244300.8,874814100.48,964035095.04,697476510.72
2000,1083420835.2,1050020504.64,946965720.96,715988661.12,836120612.16,880361144.64,972353764.8,835335011.52,904479402.24,968869149.12,871437191.04,936411459.84,1057106376,824259879.36,717020527.68,839741567.04
2001,870090232.32,859817108.16,880350750.72,810002972.16,801978563.52,989324988.48,818504870.4,804954620.16,884779727.04,1051175145.6,924934273.92,748969632,844722336.96,901652713.92,1034712766.08,934571096.64
2002,1122678325.44,924902400.96,1023255668.16,688044490.56,922745692.8,852543394.56,1142945501.76,969672919.68,1080361713.6,776152955.52,886568302.08,903126049.92,981074574.72,817118150.4,903201641.28,790956282.24
2003,983175796.8,898151388.48,878253779.52,798267882.24,818374665.6,793775833.92,815457680.64,876007863.36,1078733410.56,794669961.6,863908761.6,1229941082.88,856116846.72,965392439.04,911224028.16,709250221.44
2004,1045363795.2,1029764387.52,852065861.76,991068678.72,832206493.44,871544784.96,904353897.6,734623672.32,1005717634.56,881016505.92,831323260.8,715070799.36,817975532.16,1031786104.32,874582202.88,686944886.4
2005,1068616566.72,953602493.76,839724762.24,779811235.2,935709209.28,711644659.2,849397639.68,730656339.84,871509853.44,817114867.2,973845149.76,804726999.36,967154005.44,809369305.92,800579280.96,859562392.32
