"Date","ACCESS1_0","ACCESS1.3","CanESM2","CNRM","GFDLCM3","GFDLM2G","GFDLM2M","INMCM","IPSL_CM5A_LR","IPSL_CM5A_MR","IPSL_CM5B_LR","MIROC","MIROC5","MPI_LR","MPI_MR","MRI"
2009,578842588.8,590157360,521341056,404503804.8,510834470.4,332021548.8,417849580.8,280566063.36,511591852.8,667100966.4,368743968,405458870.4,580623724.8,432748483.2,495047030.4,394015363.2
2010,504632073.6,531201542.4,511488604.8,442775030.4,436091817.6,634342147.2,390991708.8,289469203.2,359874144,446406076.8,313112649.6,404512790.4,501627427.2,362818569.6,410119545.6,409067193.6
2011,425369836.8,579073622.4,478287676.8,498692246.4,538523769.6,377362454.4,452515075.2,297334756.8,389375769.6,438297523.2,406043712,555249427.2,542267740.8,428472460.8,434423001.6,365694566.4
2012,574662643.2,456854774.4,538342156.8,452390659.2,470499494.4,360615542.4,399478521.6,434265753.6,388638086.4,349305177.6,289995033.6,523862121.6,497987308.8,420266448,335784787.2,436052505.6
2013,662086915.2,530122233.6,488946931.2,388839312,445344566.4,513021081.6,414642153.6,361179734.4,440588160,404032406.4,331368710.4,488444860.8,413970912,395003088,482683795.2,449174160
2014,537346224,622516752,519653404.8,555254179.2,566615692.8,413566041.6,320399798.4,266760371.52,396913564.8,506028124.8,424890921.6,493358515.2,488860012.8,387420192,486070329.6,515212185.6
2015,448004217.6,628338988.8,521402745.6,420754867.2,406746576,449480275.2,405743904,270785203.2,453057148.8,474435100.8,346913280,424344009.6,410366908.8,519169392,355128105.6,343548432
2016,703898035.2,463043433.6,519305472,538349673.6,430460265.6,346494153.6,444316492.8,256211199.36,383928336,589380710.4,366183763.2,572473612.8,457977888,425981462.4,376932355.2,484007961.6
2017,522512899.2,600055603.2,517836153.6,390455769.6,514640649.6,565259817.6,362685081.6,225374918.4,374208076.8,334239523.2,377864956.8,592266297.6,476843068.8,356977152,333038649.6,538273900.8
2018,653276275.2,501477868.8,384491232,464756227.2,410470243.2,416766470.4,430402896,321950592,391321584,514485129.6,392640652.8,547942838.4,454937212.8,344174572.8,448131225.6,307980489.6
2019,525934598.4,557248032,415219737.6,514318896,442286870.4,331770643.2,393894230.4,255192923.52,392576716.8,543386620.8,323435030.4,476224185.6,564111388.8,371107353.6,328945881.6,423325526.4
2020,489346116.48,521532432,487736726.4,452085753.6,437266252.8,417386390.4,528023059.2,202264041.6,461023488,454095504,365289436.8,454037788.8,464938617.6,317951568,429905750.4,623391120
2021,474284505.6,607621651.2,480711283.2,448105737.6,461479939.2,407640556.8,399955363.2,258052487.04,350206675.2,375473750.4,391680662.4,540806630.4,420161558.4,416598940.8,327638304,366492384
2022,465330268.8,479766153.6,464431536,578522044.8,421609708.8,408183235.2,423873043.2,252562320,402627456,456128928,410710089.6,401298969.6,525454387.2,381650918.4,385690464,411502464
2023,488714860.8,592566537.6,410607532.8,415281340.8,550404979.2,510689577.6,431548819.2,290746713.6,380857248,515551219.2,379290124.8,449939664,490818787.2,356286384,402327561.6,460935705.6
2024,502533676.8,476382988.8,486941673.6,631179734.4,506717510.4,315129830.4,420410390.4,279214464.96,413552217.6,470618208,331571836.8,418581043.2,517370371.2,337397788.8,389429769.6,444578976
2025,467615721.6,592300080,555220656,440476790.4,399172752,403812604.8,549522748.8,351613872,391737254.4,455079168,276307977.6,446858726.4,501882480,499106016,306168076.8,260528572.8
2026,554655772.8,480457180.8,454938768,420687561.6,414979977.6,484905052.8,418524192,334516435.2,512489289.6,484614403.2,380904940.8,408907699.2,527311296,364070246.4,381113251.2,401694854.4
2027,492373468.8,433978819.2,380319494.4,533051971.2,461114294.4,430858396.8,300028060.8,244849314.24,439721395.2,335604211.2,391891996.8,334164614.4,387212918.4,435969561.6,402847344,479683468.8
2028,520239888,515635459.2,443619158.4,465715094.4,474207350.4,365791248,459369100.8,290318601.6,429160464,336286252.8,431250998.4,524579760,435259872,373057488,328193596.8,409139769.6
2029,573456585.6,449302982.4,437734886.4,346209638.4,478926086.4,437828544,417620707.2,277498310.4,419346547.2,431995420.8,365828140.8,468329126.4,490114972.8,371972563.2,410601657.6,351631497.6
2030,467117971.2,656848656,434446588.8,439221225.6,439790256,428883206.4,375441955.2,277387286.4,441543830.4,441622540.8,423403372.8,473072140.8,556301606.4,325341100.8,367920662.4,322951363.2
2031,501311203.2,563680166.4,470167545.6,438526396.8,416485929.6,337293590.4,332033385.6,191719638.72,364231987.2,347666256,378669081.6,409938278.4,400600512,339414019.2,403262928,331978262.4
2032,625413744,590113555.2,480143808,549269078.4,419459904,239273395.2,504338313.6,417437625.6,413164627.2,398683209.6,379735862.4,534020860.8,403837660.8,460945814.4,323958528,338719881.6
2033,647758252.8,478993737.6,524879481.6,328967049.6,367692652.8,277556544,467873020.8,201631334.4,427239273.6,383406998.4,296281497.6,461374012.8,410124556.8,470805350.4,366078441.6,406876780.8
2034,545554656,611747856,410034614.4,388978934.4,436000665.6,407579472,287847604.8,349961299.2,453509366.4,376338960,337708742.4,467033040,448281475.2,382027968,379383868.8,292693305.6
2035,489308774.4,504286300.8,416044944,434011478.4,404277436.8,461617747.2,383111856,223795552.32,346895222.4,461481235.2,323625369.6,457947129.6,392308704,404977708.8,330641049.6,355416681.6
2036,478050076.8,485652672,443052979.2,408335644.8,465185894.4,351681523.2,550217404.8,255174019.2,460195776,355410028.8,381425414.4,487851984,423225475.2,272567635.2,272200608,420906585.6
2037,558420912,429722755.2,443298355.2,385707916.8,384517670.4,283875408,420581376,216222678.72,388212307.2,377862883.2,441168336,575295523.2,525363926.4,262967817.6,363582259.2,348207206.4
2038,507821529.6,372944390.4,545216918.4,433447632,439511356.8,420309388.8,336182572.8,249616952.64,411164121.6,361410249.6,379060992,476344022.4,580961030.4,353441836.8,369490896,402092812.8
2039,436325875.2,475173993.6,544994784,375903417.6,436285958.4,437152982.4,438980169.6,264408166.08,356878915.2,434484691.2,380864505.6,572088268.8,400520246.4,391728614.4,317127225.6,448861737.6
2040,545869843.2,487252540.8,313018041.6,396085075.2,520158412.8,358286284.8,353675116.8,404376192,306276076.8,446710291.2,381560284.8,413851852.8,441670492.8,350967427.2,415108627.2,327130444.8
2041,562170758.4,744318201.6,452443536,385214313.6,381905193.6,379635206.4,287555235.84,238047837.12,318502022.4,379457740.8,401186131.2,442067155.2,418907808,390160368,321689404.8,415346313.6
2042,482589792,472004323.2,360167385.6,385625059.2,449243625.6,305773142.4,427324204.8,325331424,307181808,405776995.2,358959600,472695609.6,339399763.2,276385910.4,409575830.4,292424947.2
2043,434603145.6,523841817.6,438140620.8,371103638.4,420389481.6,360374918.4,224831220.48,209766343.68,342573494.4,431268278.4,320406019.2,372981024,623197670.4,435511814.4,393261264,311458089.6
2044,408116880,513966816,443344665.6,345857990.4,451619971.2,331786540.8,409681929.6,261916156.8,357577372.8,382136400,416431411.2,494786448,419726534.4,334725696,322673241.6,342867340.8
2045,445971312,441804067.2,491685465.6,393447196.8,387448185.6,418413081.6,251165836.8,206849332.8,400184323.2,421047676.8,332845804.8,393076800,352230249.6,301627929.6,362934604.8,350422675.2
2046,472152585.6,735429024,447996096,452780668.8,488400105.6,279731059.2,367963084.8,305597059.2,327565814.4,357235920,359992425.6,438999955.2,361331366.4,380630707.2,383466787.2,367883078.4
2047,445034822.4,552697171.2,426884169.6,409950201.6,443628316.8,341843500.8,392438044.8,267622513.92,352750896,397729958.4,412795267.2,512137468.8,457735449.6,331979558.4,335240380.8,434417472
2048,430169356.8,459503107.2,387145094.4,375184811.52,420810249.6,340702848,313841606.4,198892195.2,350750217.6,235047657.6,327046464,377459136,523740038.4,291029068.8,281622355.2,333292406.4
2049,408203193.6,470276668.8,446195347.2,433278115.2,491991926.4,349251868.8,462343852.8,209998915.2,390844828.8,332092396.8,354226953.6,418883443.2,438943363.2,292382784,475007587.2,362989987.2
2050,531626544,666602697.6,379699574.4,395612380.8,459607392,308197612.8,336276748.8,291365942.4,346295692.8,429796713.6,381542659.2,462881001.6,318858854.4,377756438.4,353634768,411550502.4
2051,456896851.2,352520553.6,428191488,310338518.4,377984534.4,367678224,308084515.2,232566111.36,387272620.8,425935756.8,305254742.4,380859148.8,380263161.6,339629587.2,239839574.4,281776665.6
2052,434084918.4,519030806.4,424639152,352465603.2,436695148.8,300263414.4,282704342.4,297476426.88,382696012.8,570428784,346318934.4,575658576,422652988.8,374146819.2,290698398.72,327142195.2
2053,403546060.8,639762192,374811926.4,411602083.2,419337561.6,334673164.8,321398928,200331066.24,375077260.8,415887177.6,337876790.4,517562697.6,378932774.4,350603078.4,317971267.2,332713094.4
2054,485756697.6,348766992,493048512,329609606.4,384618240,416619590.4,376973049.6,271360946.88,378615945.6,367537996.8,307263715.2,506325254.4,370394726.4,483667459.2,240454569.6,280906617.6
2055,448121116.8,544847904,345927974.4,334905494.4,406933286.4,294703142.4,291038832,252171895.68,426169209.6,444644640,344402496,379082678.4,372005568,344679840,419670028.8,294693033.6
2056,460546300.8,532106409.6,407312496,344126880,382500576,361564473.6,363698812.8,216698371.2,361170662.4,314248550.4,319097923.2,478526400,306354614.4,358525612.8,326538345.6,264272457.6
2057,374125824,462068236.8,370674662.4,328917369.6,370221753.6,530217619.2,345281011.2,226879928.64,317172153.6,357045840,325700265.6,396576777.6,356104425.6,333707644.8,486716256,343781625.6
2058,346369132.8,440345721.6,301590864,327309033.6,375315379.2,341105817.6,336145766.4,233226276.48,415516262.4,297564796.8,318537100.8,345321532.8,410249404.8,323856403.2,335122272,429137308.8
2059,417931488,506738851.2,452528726.4,282708316.8,418814582.4,243688953.6,252734169.6,244025049.6,305785152,433035849.6,305874748.8,367140211.2,418968028.8,294751440,336739334.4,302603472
2060,381573244.8,503555443.2,304683811.2,414140860.8,329891616,316239724.8,379543017.6,204839798.4,300952203.84,248530636.8,245960841.6,444775363.2,287999712,329086972.8,385746883.2,302884099.2
2061,371378995.2,521427542.4,348565593.6,394551302.4,367566508.8,259830547.2,446968195.2,170382813.12,344161008,280844064,278011008,329181148.8,244120694.4,275565369.6,254188713.6,250508937.6
2062,366967929.6,407318976,455886835.2,359794915.2,341441136,294689577.6,257601254.4,209015251.2,464329238.4,350042169.6,380739657.6,427042195.2,364190256,444763180.8,270191203.2,288810835.2
2063,417247977.6,480068553.6,335543126.4,351121910.4,382808505.6,371314800,353859580.8,191427667.2,335028268.8,265426761.6,307024819.2,353719267.2,376029043.2,445939689.6,293819529.6,202775529.6
2064,459739238.4,407495577.6,341071776,298075161.6,338318121.6,310188960,347749977.6,215018979.84,326930428.8,356347987.2,312891465.6,436136745.6,369510508.8,330211468.8,367653081.6,327730320
2065,395714073.6,427760092.8,321977548.8,279431078.4,364485657.6,322415942.4,310823654.4,145523450.88,456497424,273485376,309121228.8,321373872,299586384,272787091.2,288880387.2,308551507.2
2066,377231299.2,514661990.4,475435958.4,339395961.6,320692867.2,289297180.8,275758300.8,174867033.6,444183523.2,397568649.6,238554702.72,466958390.4,423850492.8,295915680,237731414.4,378936144
2067,418814409.6,300293291.52,396517766.4,371670163.2,309790828.8,308919052.8,215874434.88,180878849.28,227635920,292652870.4,296633750.4,408885926.4,302701190.4,227336803.2,271792022.4,241785475.2
2068,353379888,384050937.6,264168691.2,301179340.8,364025059.2,265332585.6,260639769.6,231321476.16,368306092.8,337193712,313928092.8,368488224,337204512,243511747.2,213335182.08,274349894.4
2069,342934128,418090291.2,379118102.4,279517478.4,334033718.4,323779766.4,297336960,160741635.84,296282707.2,246820089.6,268729056,260217792,324911606.4,339552604.8,306153216,292958640
2070,315998668.8,316783612.8,262753372.8,243172195.2,300351110.4,279661161.6,267761289.6,167803064.64,303737817.6,319292409.6,266310720,297259718.4,360788169.6,236923228.8,240859180.8,247687027.2
2071,396452448,333220435.2,328504118.4,273001968,321429081.6,207208454.4,307877328,188430433.92,283728528,265793875.2,325320537.6,320724835.2,306012902.4,261402768,235071072,268615699.2
2072,374183712,315312998.4,345007728,293206694.4,298897171.2,264636374.4,308512108.8,197057836.8,313628803.2,329804611.2,244352073.6,264377952,345961065.6,333982396.8,249121008,251337168
2073,310052880,366405984,389061705.6,291537532.8,302772470.4,349616822.4,283885516.8,163452375.36,256995158.4,314969299.2,237627216,388983081.6,279974534.4,307164614.4,251617536,330017760
2074,346198665.6,392019955.2,344930054.4,239248598.4,309600230.4,285219705.6,280278316.8,211501247.04,356662224,283622774.4,237303043.2,454620816,266285491.2,322645852.8,206083405.44,316917532.8
2075,477101750.4,307042963.2,312445987.2,283943664,324221270.4,321322291.2,265450953.6,158775120,288765216,315021052.8,272246054.4,260616873.6,350510976,267243840,262813420.8,369138297.6
2076,294095992.32,409332873.6,238305024,213765177.6,298671926.4,241713244.8,300986824.32,254941197.12,242329017.6,295295846.4,212023111.68,396776620.8,258734304,244920672,261025113.6,302575132.8
2077,271647561.6,499989628.8,352647907.2,281769580.8,317285424,253840176,309067574.4,132933147.84,324470361.6,249162307.2,282867681.6,267992064,392642467.2,274926355.2,280759132.8,299064009.6
2078,267540192,417669004.8,292545734.4,307173427.2,304319635.2,220650998.4,340049664,164949998.4,228854937.6,326385158.4,371706710.4,307194681.6,284988153.6,283544582.4,242720496,355550688
2079,372577968,273372969.6,365087347.2,339594508.8,268974691.2,282168489.6,269804822.4,223661329.92,209483712,301442256,379421020.8,352652054.4,272349129.6,215603078.4,264493416.96,252202723.2
2080,319201948.8,445510454.4,326207952,241782624,305925552,253309161.6,268238563.2,158683432.32,204127603.2,297373507.2,295580880,327173299.2,214516857.6,232283548.8,167681404.8,205180128
2081,374609232,460006732.8,318080822.4,215771126.4,223206537.6,198409824,265895913.6,342814066.56,179086982.4,256749696,223384435.2,292911033.6,213948777.6,295909372.8,220164134.4,259341609.6
2082,330340204.8,456137827.2,327887395.2,249270393.6,303338390.4,185867308.8,155174339.52,190149742.08,205182115.2,404838432,408433795.2,506011017.6,248066582.4,274973788.8,273940185.6,285349046.4
2083,251621976.96,335068358.4,352510876.8,195632323.2,283898304,264894537.6,208700928,173244337.92,239997600,246561235.2,237340540.8,296960169.6,268386998.4,252108892.8,241842585.6,234250099.2
2084,363719116.8,319271500.8,265300876.8,278729942.4,279150364.8,218862864,270731808,159156480.96,353533939.2,278183185.92,315234288,302696265.6,251129462.4,182014473.6,189512265.6,362694499.2
2085,330353596.8,578727676.8,256144982.4,265985251.2,265252147.2,373818672,162092784.96,121908162.24,317992348.8,188783654.4,237868012.8,285056755.2,292776076.8,208058544,149321931.84,172276761.6
2086,267151651.2,214824096,323523417.6,216834451.2,297120960,338805849.6,319943606.4,165088869.12,199164700.8,250047216,301508179.2,438859123.2,202690080,195750086.4,250111393.92,211805625.6
2087,278905593.6,309353299.2,232440105.6,192702499.2,239513414.4,222630854.4,268786425.6,184559567.04,316522771.2,245955830.4,220772131.2,319035024,286774214.4,178814044.8,229382755.2,306406454.4
2088,254846476.8,323694489.6,277002633.6,208343664,239541494.4,212200560,185223888,155239588.8,253888819.2,275570035.2,205836508.8,248509296,225150278.4,183506256,167144515.2,220100794.56
2089,255507350.4,447836774.4,377281843.2,367111526.4,248854464,224471606.4,204299539.2,152927879.04,265757760,208959955.2,181821542.4,249125760,302888160,234670608,174407230.08,308675577.6
2090,190727991.36,342088617.6,174722227.2,274164912,191891462.4,281589177.6,286593638.4,176448870.72,252921916.8,322645334.4,246222115.2,260474140.8,215257996.8,238271587.2,260863545.6,330028819.2
2091,156991694.4,343270137.6,256827801.6,216836438.4,249163862.4,234396460.8,199875340.8,118874986.56,144763545.6,273898195.2,397486569.6,377972784,346768905.6,268610428.8,152634499.2,269707968
2092,262415116.8,226498464,263627308.8,178495384.32,189689385.6,248031417.6,450256147.2,150259691.52,267632726.4,303261494.4,181676822.4,241940304,189164592,186665472,201662490.24,310656038.4
2093,178386770.88,504064425.6,240012892.8,181544284.8,239277974.4,190158019.2,227003817.6,188496780.48,187442294.4,229717036.8,228417321.6,299519337.6,232180387.2,223992000,192144355.2,205259788.8
2094,290009376,633339388.8,271629158.4,168308755.2,252741254.4,170734547.52,285132182.4,141900621.12,369390758.4,248994432,230763081.6,225062496,158009961.6,205032643.2,173272219.2,273080851.2
2095,218448403.2,443702793.6,232121289.6,177268608,211372675.2,290744553.6,266120890.56,183407241.6,169193318.4,302653324.8,234552153.6,298391299.2,201586060.8,147740457.6,172611673.92,217659830.4
2096,152207251.2,316827936,385231680,208856966.4,231233875.2,146147587.2,200007792,132296276.16,249271430.4,249265036.8,188881718.4,261473616,177036624,272308694.4,126856834.56,200099203.2
2097,226793779.2,440253187.2,271496880,153675878.4,190460678.4,213790924.8,287504726.4,112001201.28,276097420.8,182388542.4,263490278.4,258199401.6,235102953.6,153431375.04,168380985.6,223406812.8
2098,277340976,200189232,251037100.8,163775952,231540768,182564409.6,159019977.6,238573347.84,235628956.8,214583385.6,281563344,282798000,290116252.8,161627270.4,252685180.8,209600784
2099,225270097.92,527021683.2,182776996.8,241921555.2,182945347.2,223752844.8,272244153.6,136940595.84,142332621.12,230886720,262961337.6,415316332.8,155946988.8,271832198.4,157876819.2,359448243.84
2100,234095097.6,336804048,338064796.8,353878243.2,159912835.2,213541401.6,249276787.2,251346067.2,214346044.8,344092147.2,255595564.8,292932028.8,285806361.6,208466352,144664358.4,354253132.8
