"Date","ACCESS1_0","ACCESS1.3","CanESM2","CNRM","GFDLCM3","GFDLM2G","GFDLM2M","INMCM","IPSL_CM5A_LR","IPSL_CM5A_MR","IPSL_CM5B_LR","MIROC","MIROC5","MPI_LR","MPI_MR","MRI"
2009,1100330205.12,1185864468.48,938646498.24,922739662.08,1022886835.2,724968921.6,902558946.24,738533030.4,961540148.16,1100020409.28,724064209.92,823943603.52,1147675573.44,842910667.2,1096036539.84,807303343.68
2010,978162091.2,883990998.72,1015922468.16,975899620.8,766138659.84,1101006397.44,870936166.08,767634926.4,888177934.08,849059919.36,808084010.88,809874642.24,998789063.04,816487473.6,867382663.68,789049330.56
2011,735407907.84,1014898152.96,874648609.92,1085105108.16,1081871432.64,880756467.84,910954676.16,782907068.16,840597920.64,944567559.36,774679896,1047188563.2,1033587207.36,978762908.16,920136913.92,703020176.64
2012,1023726211.2,901026711.36,923365042.56,954244558.08,885786857.28,846651934.08,981922262.4,1060671507.84,842376248.64,831968556.48,726431474.88,1011012071.04,933365108.16,912189841.92,790214313.6,822168074.88
2013,1105541196.48,969021999.36,1047612432.96,910907579.52,999372332.16,941104880.64,898875325.44,839701235.52,895983845.76,789527373.12,825539480.64,953416768.32,788615809.92,802995301.44,1034058173.76,818625778.56
2014,1064025806.4,1080014480.64,980107810.56,1126225667.52,1162916982.72,924145139.52,867815709.12,670425638.4,759716651.52,990786496.32,983828868.48,923752909.44,1005909261.12,967938284.16,1083208403.52,1072954408.32
2015,873872340.48,1201329964.8,906311738.88,966911765.76,859489418.88,953205494.4,931176889.92,745650809.28,1003821240.96,945593844.48,798204991.68,947573691.84,806164591.68,992050243.2,785003261.76,761964416.64
2016,1180068454.08,866196106.56,1172224301.76,1087651851.84,1055389703.04,843405678.72,864885980.16,690826363.2,893250175.68,1085123278.08,846676160.64,1089065364.48,816927111.36,966014510.4,757845659.52,878535927.36
2017,958544297.28,925130064.96,949110177.6,766267819.2,915317616.96,1061308154.88,852853354.56,673285504.32,818179945.92,800663754.24,824718594.24,1111236304.32,953288412.48,784584584.64,906299029.44,972859991.04
2018,1119823937.28,938436960.96,811391420.16,867527487.36,780831852.48,847696536,958513746.24,826226801.28,952003877.76,1035767874.24,932564102.4,1011399454.08,852778143.36,874705296.96,998050826.88,739108825.92
2019,1075599172.8,1034198038.08,879219221.76,1099152996.48,1088327033.28,731948123.52,885604475.52,657960442.56,859710188.16,1099227723.84,795705837.12,993145786.56,999952974.72,803753470.08,692589139.2,963417559.68
2020,1033901616.96,964142101.44,979641241.92,886269021.12,953428838.4,1045201786.56,1076952775.68,619225560,1042393268.16,950082575.04,909471049.92,915138682.56,990236767.68,709980612.48,830073346.56,1074625246.08
2021,1003097036.16,939215053.44,793054272.96,948058508.16,898976543.04,890966900.16,859997338.56,609974565.12,870976774.08,867560716.8,914545684.8,1022255216.64,796406342.4,901110320.64,721459396.8,793251532.8
2022,827999375.04,896491877.76,937601628.48,1063893026.88,854210689.92,886511157.12,1039279991.04,641555873.28,898688243.52,1087687699.2,1080337115.52,821952239.04,1082809753.92,891315947.52,891394303.68,820964220.48
2023,817762599.36,987642918.72,852713300.16,845943030.72,1105020152.64,964703433.6,817964075.52,760284489.6,858213256.32,1060393576.32,891977754.24,957909879.36,999039113.28,802322902.08,949475597.76,879759264.96
2024,975999395.52,837854807.04,938934504,1240953168.96,1018002824.64,954116167.68,969678587.52,803745339.84,1179160035.84,1028578055.04,863740281.6,767287365.12,1083882176.64,768352046.4,849960864,859245304.32
2025,965508085.44,1045281732.48,960703536.96,990854087.04,839098362.24,844308576,1049629000.32,1001793960,890653777.92,954180345.6,560590407.36,874203710.4,1153012985.28,965410306.56,645241844.16,651302743.68
2026,1029277929.6,946215587.52,759544594.56,845342723.52,998582005.44,832764352.32,1018878566.4,1023966187.2,1079558997.12,921297196.8,885485900.16,743508944.64,1051906426.56,818580729.6,780098800.32,766479067.2
2027,979907077.44,827689881.6,783903147.84,1205039885.76,1035331986.24,751728323.52,834478234.56,631572223.68,900631319.04,638110941.12,905628548.16,699320900.16,930606278.4,958011840,871022263.68,1038416068.8
2028,877388466.24,1011009487.68,953656243.2,1138833907.2,972750548.16,811973384.64,932496027.84,763177481.28,933676977.6,962561171.52,874024344,964848378.24,839100150.72,730422031.68,801154514.88,894377617.92
2029,1128059879.04,927432624.96,946674483.84,900040921.92,1011941665.92,925555930.56,954749747.52,884084578.56,947009828.16,881842204.8,830860416,992532994.56,1101099709.44,826503834.24,1033706093.76,755203677.12
2030,906621154.56,1082493046.08,905851071.36,1045101182.4,945616723.2,916219779.84,864795640.32,873854040.96,943373355.84,849070080,915825484.8,954297512.64,1010943020.16,788206101.12,756478949.76,838423846.08
2031,965613424.32,1014490422.72,1028839855.68,1002540542.4,978198517.44,794077404.48,824251731.84,709361971.2,911613873.6,793838568.96,1031757782.4,808713305.28,845782499.52,700211502.72,848879602.56,759329951.04
2032,1145089068.48,1004735404.8,873680955.84,1131750887.04,709705990.08,684676869.12,962051748.48,850473354.24,1129216921.92,832428342.72,967269081.6,1066702245.12,774596476.8,970760376,651447005.76,757510824.96
2033,1204752363.84,897179362.56,1047746439.36,725657054.4,901360828.8,845529459.84,882843563.52,601138177.92,1054113212.16,860556735.36,709267872.96,984201373.44,724700537.28,912664221.12,738413236.8,860879793.6
2034,1102860766.08,1212731196.48,794757173.76,838964779.2,932667600.96,1013969612.16,688413168,937534417.92,1012984004.16,984302418.24,747315218.88,1013690393.28,845951454.72,794472969.6,805751461.44,635004290.88
2035,953646929.28,985801034.88,956283572.16,982020499.2,737004657.6,931860953.28,809741119.68,725842874.88,806576590.08,1096306531.2,797393877.12,996945580.8,840572501.76,753750480.96,759901296.96,776753107.2
2036,984520396.8,816744314.88,969218282.88,924296564.16,1070724104.64,868396127.04,1187139801.6,651730544.64,1027514505.6,741395626.56,894172858.56,1000354959.36,972515816.64,510968511.36,783120121.92,1000571192.64
2037,974118035.52,790433354.88,1022822916.48,959392857.6,849540182.4,654920735.04,1016931801.6,499765818.24,868821232.32,833014333.44,929122954.56,1028212168.32,1117073903.04,649503904.32,900085150.08,773672713.92
2038,989221826.88,727307268.48,1036349510.4,1063852660.8,929884199.04,853032764.16,781452351.36,782192393.28,831374556.48,871199487.36,790202787.84,1076654963.52,1099681980.48,778356768.96,810949285.44,775328112
2039,915497959.68,799864243.2,1129364726.4,934503073.92,897193609.92,986032198.08,922626797.76,838395601.92,957046656.96,842171800.32,960494060.16,1060618752,961400335.68,876979327.68,853915089.6,963389237.76
2040,1011352547.52,1045921662.72,799386857.28,920288658.24,1145567378.88,779016329.28,757512069.12,1140489400.32,803161690.56,880914510.72,969419318.4,894356277.12,905564223.36,735663496.32,957948984,732998894.4
2041,1060673659.2,1244866250.88,974793821.76,978713003.52,833076360,810393396.48,780273483.84,735316418.88,788598512.64,884864761.92,886238418.24,892263833.28,875042403.84,895629087.36,721545027.84,909137468.16
2042,981995114.88,869301063.36,753810071.04,1099423411.2,956430728.64,728577806.4,930682267.2,784888617.6,807519144.96,726191602.56,823414930.56,1096543301.76,829655965.44,787636085.76,830699642.88,627814886.4
2043,921885321.6,953534064.96,826762101.12,914812004.16,835797070.08,873034632,787131872.64,604506369.6,949577843.52,866466486.72,839325680.64,931506704.64,1230445252.8,1051111944,780010646.4,702201026.88
2044,814827841.92,930193329.6,977194929.6,857988866.88,891339750.72,825756102.72,1021254350.4,677912146.56,711407128.32,926282554.56,1015129670.4,915434144.64,875583552.96,718997031.36,752475104.64,691641262.08
2045,864970341.12,919617805.44,982496545.92,921315012.48,851115720.96,807940664.64,787477939.2,753812326.08,901635935.04,991307868.48,901087001.28,857604188.16,712931958.72,872058268.8,910377351.36,851917824
2046,927369941.76,1100738782.08,1081342776.96,1103160617.28,910983360.96,719888834.88,782978978.88,894226383.36,900290842.56,845962056,878456111.04,996386192.64,886934197.44,953047391.04,940646839.68,895715746.56
2047,953212052.16,1001408529.6,923564868.48,1042761029.76,965042873.28,818376238.08,771486482.88,681437517.12,800489018.88,783734771.52,1011153369.6,996306307.2,1007324147.52,705419573.76,786453986.88,897603275.52
2048,969653868.48,834743085.12,858816846.72,933322590.72,1087719304.32,912799454.4,1007672348.16,493951625.28,980936352,684865627.2,934966540.8,804476612.16,1178470157.76,634845712.32,759813039.36,817192938.24
2049,905895956.16,851938266.24,992935869.12,1047103407.36,1051558070.4,829145773.44,927237265.92,754360750.08,1004696948.16,768597482.88,916734827.52,964424551.68,904420373.76,796018622.4,980060247.36,831887798.4
2050,1053362724.48,1354201822.08,925375561.92,1003442955.84,1016504562.24,795046648.32,818900772.48,981966827.52,914345971.2,932945843.52,937577808,881270556.48,770812675.2,981336988.8,894068297.28,809718310.08
2051,942766499.52,786347559.36,1037980094.4,930348720,732382896.96,862147376.64,762424652.16,705513965.76,909597012.48,1175356396.8,876097209.6,965043201.6,901768472.64,772501415.04,668763838.08,648580296.96
2052,820935336.96,1058859501.12,874505773.44,963590420.16,909706947.84,771130912.32,653765688,900683591.04,998764983.36,1288240070.4,882699482.88,1020671539.2,1017348672.96,892643371.2,706071617.28,798337572.48
2053,863969250.24,1131043409.28,897428306.88,1009409947.2,830272343.04,736542426.24,824784664.32,541485604.8,870223867.2,890841343.68,924946905.6,1171935043.2,901507484.16,716543850.24,735956712,901217318.4
2054,1073102204.16,702756155.52,988668184.32,950481164.16,665423225.28,879178363.2,811557144,709942570.56,1036927526.4,889778183.04,987204231.36,1009052009.28,771829585.92,876939246.72,725841224.64,678000576.96
2055,991502415.36,984885972.48,869512501.44,823432988.16,846624225.6,775856517.12,829522382.4,720967893.12,1129907750.4,1027223026.56,880580332.8,1094638803.84,862069167.36,840818102.4,943027876.8,666942949.44
2056,1042360064.64,902254256.64,960721344,957571130.88,882603483.84,898755851.52,816021924.48,643530493.44,876168221.76,764187359.04,784090601.28,934666966.08,722936672.64,998847668.16,900301841.28,743225293.44
2057,784373976,892793318.4,836736626.88,886105033.92,769818824.64,1206981648,868741165.44,639724495.68,911909923.2,969049846.08,730411300.8,993078938.88,815578018.56,782965137.6,1154433211.2,843930437.76
2058,805494896.64,896610919.68,609307289.28,609649666.56,835822972.8,816940805.76,967226209.92,671513414.4,1246571510.4,786588986.88,735593106.24,920661733.44,820138236.48,763197180.48,833383088.64,913219263.36
2059,821069939.52,1164672077.76,991746123.84,909724824,880483564.8,628523340.48,663008431.68,649287688.32,838734808.32,924565112.64,957469852.8,869990544,921423945.6,845730089.28,871799794.56,615628175.04
2060,908669975.04,998729308.8,683442472.32,1108415093.76,794118945.6,712226934.72,872619592.32,829007213.76,1023197624.64,672454362.24,650462987.52,858471989.76,721522019.52,905502559.68,1001793052.8,732877251.84
2061,923227312.32,968223749.76,879021279.36,1004879070.72,874733929.92,674707890.24,1056366662.4,556844008.32,771561521.28,744187184.64,961208942.4,870772455.36,583910104.32,778366065.6,730756961.28,688851673.92
2062,844949560.32,830976710.4,952988716.8,930015648,741772978.56,683887501.44,821900390.4,687695071.68,1098194276.16,849154700.16,1037976266.88,1036252051.2,795870411.84,1144465329.6,780584048.64,768493958.4
2063,930858782.4,963361252.8,817993486.08,913261728.96,844926837.12,716984775.36,869483851.2,564941183.04,982876377.6,685129043.52,817898083.2,782327825.28,862031384.64,1019978222.4,737516024.64,550552317.12
2064,967666288.32,822277785.6,1019610763.2,848571672.96,657502246.08,715015226.88,814805533.44,680452073.28,929679465.6,896914330.56,832353105.6,924673415.04,797242063.68,887369722.56,800914253.76,950141862.72
2065,923544720,815533349.76,805008162.24,770937531.84,870764601.6,850814660.16,748674118.08,552286278.72,1275941289.6,792120764.16,737704506.24,863622164.16,763659264.96,647176564.8,709577461.44,744672536.64
2066,982260596.16,848472952.32,897848565.12,1007341479.36,714641762.88,861820845.12,588856055.04,621562973.76,980828291.52,970494203.52,751887843.84,1083160572.48,998520091.2,642102431.04,697744342.08,843031324.8
2067,850142243.52,622558008,928235885.76,1020080770.56,780671537.28,789414102.72,645010594.56,581680483.2,667240018.56,722970627.84,778150938.24,982326320.64,706218436.8,686613611.52,784351995.84,662046384.96
2068,773621988.48,826297701.12,706796228.16,893002769.28,903258570.24,695034440.64,1047006302.4,785681596.8,1033184073.6,887539991.04,914245194.24,928520668.8,790974970.56,837036339.84,612741654.72,805560811.2
2069,868340891.52,895472072.64,1083526148.16,818629191.36,901819051.2,808117853.76,883706716.8,372736105.92,836282880,771883680.96,776186400.96,665993534.4,748137703.68,874992767.04,721808573.76,894101155.2
2070,797064235.2,671447776.32,743087226.24,741702216.96,653517944.64,813966865.92,833283676.8,588359384.64,808600207.68,864696116.16,971154230.4,724841239.68,717551688.96,605566497.6,630742775.04,766463437.44
2071,894337545.6,727680862.08,815523154.56,833344035.84,817715468.16,610630755.84,761472083.52,540434488.32,909754070.4,844714180.8,911482787.52,881770691.52,829521864,795876649.92,720834042.24,710857036.8
2072,715302109.44,745646126.4,848228008.32,925336949.76,733941846.72,793259058.24,677253225.6,628510907.52,896013360,819692801.28,792784860.48,644812945.92,764772494.4,755909832.96,564027373.44,685924554.24
2073,695771570.88,1035619395.84,885130744.32,826186832.64,617014668.672,820603258.56,764097200.64,526406385.6,643220170.56,876830434.56,846657619.2,913955080.32,702359294.4,794464424.64,741140236.8,820202440.32
2074,789053564.16,862094681.28,894853025.28,806374949.76,668213003.52,840093120,670967997.12,837476893.44,889497452.16,890675913.6,791842003.2,1000460229.12,677272484.16,909524332.8,762143376.96,908955786.24
2075,942296699.52,618823523.52,941411082.24,991158171.84,686731331.52,940063942.08,798688278.72,494372505.6,924664066.56,955916467.2,855439047.36,757406306.88,1021590074.88,848168789.76,808978959.36,1009804795.2
2076,847541067.84,883575760.32,703239088.32,768743308.8,622696377.6,771617638.08,802979887.68,675580417.92,820994970.24,921762573.12,685005742.08,1023612595.2,825722061.12,853388801.28,689904699.84,724044631.68
2077,602740483.2,1024145138.88,903937190.4,1037360977.92,941029669.44,616971591.36,934728647.04,409976812.8,1199990764.8,754298593.92,627983884.8,639030824.64,931963285.44,941870505.6,842429885.76,822099594.24
2078,709450652.16,1049260055.04,718833407.04,893177599.68,683681143.68,627426362.88,818887881.6,636070656.96,604022097.6,999725483.52,992482796.16,845393232.96,624693297.6,684659787.84,731697969.6,902599372.8
2079,804847069.44,697297334.4,1009845187.2,1009001836.8,783171581.76,687733502.4,684651199.68,649091586.24,807389035.2,762076166.4,1073490192,982444973.76,722436960.96,711304122.24,796499395.2,622034579.52
2080,863138816.64,757929545.28,875639903.04,968387840.64,813795413.76,655650564.48,680540348.16,470324767.68,633855352.32,921256295.04,920174359.68,894112646.4,582728653.44,724533016.32,555630891.84,555523176.96
2081,976070226.24,941756172.48,846873705.6,641020003.2,525425546.88,564638446.08,714093157.44,874199606.4,592420055.04,918223231.68,807039815.04,797628539.52,714449099.52,765331312.32,703055237.76,896845884.48
2082,756262103.04,1068705645.12,986566348.8,800606030.4,719006647.68,526757342.4,611164232.64,565446683.52,785821910.4,1066407007.68,1071491077.44,1083982841.28,798128285.76,682718544,785003702.4,698181958.08
2083,733093234.56,724924019.52,803667726.72,903713872.32,752552121.6,677695619.52,600646475.52,653142381.12,735276579.84,722171531.52,851052355.2,855254013.12,884324036.16,708840089.28,688568938.56,665748201.6
2084,765958049.28,714262950.72,734520942.72,893330562.24,633417770.88,648769080.96,656349773.76,550171517.76,1118175226.56,821238091.2,865140480,792957228.48,678451921.92,874919793.6,591117937.92,998133926.4
2085,810070994.88,993092996.16,679440312,992014534.08,648320621.76,847932269.76,565137648,533859837.12,1014892502.4,636891481.152,857987873.28,1023020686.08,624641232.96,656464296.96,591375859.2,581829462.72
2086,784861583.04,448709673.6,823664082.24,741477049.92,726475098.24,807509191.68,820312928.64,560990128.32,692039220.48,882736280.64,787155814.08,893411968.32,644086581.12,463958729.28,809843495.04,694471821.12
2087,710377992,604384079.04,698272418.88,931529358.72,626516856,670563938.88,675535498.56,698144762.88,1111493404.8,988760217.6,720584752.32,791382934.08,844701212.16,572121489.6,758313619.2,749246699.52
2088,704065158.72,886082613.12,774785157.12,809292150.72,702857589.12,638737418.88,523064554.56,601294000.32,988255010.88,931366062.72,658906652.16,741036384,623503552.32,545958861.12,606900427.2,573630845.76
2089,677181055.68,1022219265.6,937844179.2,1061838279.36,680745686.4,588580914.24,641067462.72,642121992,773563988.16,731990070.72,611893059.84,666572509.44,791314021.44,742685621.76,624684683.52,908798279.04
2090,512225527.68,816587187.84,634377528,887421147.84,602105080.32,744060185.28,870491992.32,548131345.92,730637020.8,909669424.32,1036813564.8,813344371.2,642084416.64,691689948.48,839592570.24,831407785.92
2091,622379833.92,863008940.16,723140801.28,792307517.76,742977584.64,619274738.88,817985865.6,528186934.08,436394373.12,849288162.24,1003635878.4,1045491926.4,956267104.32,893475437.76,525821310.72,764390736
2092,802341054.72,664089485.76,916103347.2,680817484.8,577390818.24,751703241.6,984744691.2,561108954.24,852137297.28,948452639.04,668271306.24,658278100.8,637984149.12,657724017.6,648162941.76,784475400.96
2093,588897112.32,1061189562.24,816297307.2,836785805.76,704936718.72,537293001.6,775856551.68,662958250.56,780176327.04,716394231.36,867905124.48,1009832745.6,671440008.96,800625047.04,704010303.36,518700559.68
2094,797258738.88,1201375247.04,786444206.4,577230045.12,672345182.88,523402966.08,854546526.72,522874923.84,993586919.04,604491232.32,901734768,742479920.64,569211261.12,766449656.64,562974675.84,747025943.04
2095,791107568.64,1041621543.36,795066969.6,826984736.64,724829808.96,774718032.96,766903775.04,545328201.6,798528879.36,873676488.96,733148184.96,763223040,610269344.64,705479837.76,606900911.04,627453285.12
2096,419888309.76,797766710.4,820496416.32,808876376.64,581174732.16,573790590.72,794006910.72,428543930.88,912119408.64,877765524.48,751270982.4,972405475.2,591115847.04,818996823.36,388735830.72,579259935.36
2097,723881266.56,857582527.68,797140344.96,594266630.4,518252851.296,695557653.12,1044808070.4,545137957.44,1170709804.8,694479631.68,888390408.96,1025144640,535507217.28,578156071.68,709925999.04,749116270.08
2098,727186567.68,785377097.28,588008998.08,661220513.28,620413024.32,646129509.12,693951840,821695890.24,756624913.92,655075287.36,805431055.68,875367388.8,1022738702.4,512657907.84,955487957.76,713458022.4
2099,599574173.76,1112436685.44,632215834.56,973080786.24,542255670.72,605131352.64,945308016,729832904.64,457867797.12,861672185.28,758749377.6,1086552316.8,638874777.6,786223177.92,563210280,1021942681.92
2100,537703945.92,987182285.76,826754091.84,1378290072.96,526138545.6,675158820.48,821635920,913197283.2,807736786.56,820284900.48,900476282.88,839639917.44,913514863.68,551090865.6,531178974.72,988349126.4
