"Date","ACCESS1_0","ACCESS1.3","CanESM2","CNRM","GFDLCM3","GFDLM2G","GFDLM2M","INMCM","IPSL_CM5A_LR","IPSL_CM5A_MR","IPSL_CM5B_LR","MIROC","MIROC5","MPI_LR","MPI_MR","MRI"
2009,479077459.2,694766246.4,428469350.4,429806217.6,460022803.2,468190454.4,502018473.6,329377449.6,347970556.8,487258070.4,390607228.8,441649324.8,501421536,380557699.2,365342832,393297120
2010,569366841.6,627483196.8,551022307.2,508781692.8,425759414.4,474198624,472423104,214088659.2,408115756.8,371122473.6,385342876.8,399440419.2,498621398.4,430835932.8,303929107.2,283447123.2
2011,466435929.6,444501993.6,537165129.6,401960275.2,492478358.4,569832364.8,321122361.6,244768210.56,356979484.8,445666406.4,450942940.8,482106384,506524233.6,515037312,393037401.6,389480140.8
2012,455253782.4,602022067.2,497221027.2,471333513.6,467470310.4,377349667.2,368403724.8,273693254.4,460391472,425001686.4,300242937.6,599930150.4,544587667.2,339751584,355219344,469628841.6
2013,556412112,477065548.8,470360736,355966099.2,394089235.2,356312995.2,466821014.4,296831174.4,524243232,531898444.8,334343808,451736611.2,433887926.4,387587548.8,428174812.8,350321673.6
2014,468076579.2,557654025.6,802310313.6,401990774.4,393798240,366750806.4,315011376,238704762.24,399143548.8,353536012.8,384970406.4,461205100.8,524356070.4,360896342.4,399184329.6,414808300.8
2015,474679440,554220144,483977548.8,435998332.8,468128160,514405641.6,392568595.2,302752814.4,387816163.2,357872601.6,402438758.4,517606243.2,477404668.8,431240371.2,398188742.4,559871049.6
2016,492242313.6,591464937.6,511921814.4,418764643.2,356034873.6,422473881.6,436539196.8,201902544,440628422.4,349209014.4,395213817.6,421512163.2,468290332.8,387670838.4,342759513.6,373650710.4
2017,542922566.4,533349964.8,431886470.4,326842732.8,454816425.6,479037888,487501372.8,275891011.2,400911465.6,344633270.4,310531276.8,590042275.2,465863097.6,357682262.4,381748982.4,389401689.6
2018,418835577.6,723102681.6,410323190.4,416607062.4,393242947.2,348549436.8,334172563.2,208772717.76,503216064,439947072,362204179.2,451138550.4,396016387.2,441092131.2,404102476.8,292634985.6
2019,421757366.4,510768806.4,509653555.2,348569395.2,472160016,409856976,446298854.4,284219020.8,382693420.8,410357836.8,433714780.8,424131379.2,518972745.6,346175337.6,415454400,431642390.4
2020,418491100.8,584976470.4,550881216,449351193.6,391483929.6,339594595.2,362202969.6,272054160,363523507.2,348416380.8,402624086.4,486250646.4,421619644.8,338490230.4,429394780.8,470061100.8
2021,603255945.6,470314684.8,442080288,505963238.4,473824166.4,437517936,484651296,246221251.2,489559852.8,461879366.4,336332131.2,485442979.2,501069628.8,460305331.2,406717632,346528800
2022,436522348.8,508119436.8,375346569.6,361320566.4,470234160,367201296,434333836.8,288831916.8,414199612.8,509257324.8,444194755.2,438191769.6,462888864,498555388.8,371838988.8,479912860.8
2023,528180998.4,570738787.2,538855027.2,406845072,412333891.2,330629212.8,352977177.6,418627008,363700713.6,435905539.2,278661340.8,378205027.2,509468486.4,358147612.8,454932028.8,468817977.6
2024,417095740.8,524487052.8,420667516.8,559479225.6,446467420.8,520380892.8,387937468.8,240346828.8,431587958.4,490470940.8,297391564.8,430946265.6,423386092.8,362432361.6,372985516.8,281087280
2025,458104896,606477110.4,380358460.8,436872441.6,395938108.8,361228204.8,504022141.44,219915907.2,366498777.6,382670784,335791872,392851987.2,403135315.2,260518809.6,319743763.2,432364003.2
2026,511961644.8,472559097.6,464790009.6,443769408,444308457.6,389555568,439630934.4,275282366.4,372788956.8,429300086.4,360528969.6,465486566.4,511220592,401093424,388013068.8,486483667.2
2027,446593219.2,627570115.2,375320649.6,337599360,396310147.2,488921961.6,391290912,323980905.6,344642428.8,370479139.2,450400953.6,528640560,495746784,362182924.8,414080812.8,425224425.6
2028,451206806.4,436445193.6,437630774.4,485558150.4,422878060.8,402478329.6,332798025.6,330689606.4,354127680,491739206.4,314471894.4,393717888,416424672,379152230.4,381927225.6,354648326.4
2029,445054176,521090236.8,407429308.8,457096176,425895148.8,380936908.8,355615228.8,222734275.2,385226755.2,334094371.2,302655744,362784182.4,429265094.4,340073596.8,317357395.2,385975411.2
2030,384491923.2,437048611.2,383818694.4,460634256,490215974.4,273662928,429546153.6,341220384,338742604.8,450580147.2,337927420.8,323256182.4,482478249.6,383715878.4,385819286.4,402283411.2
2031,550563696,474498864,473940892.8,355576348.8,417559017.6,431438400,449818531.2,231399763.2,483160377.6,341361734.4,390091680,429614582.4,420170457.6,483922944,338823907.2,367002403.2
2032,490302633.6,455531126.4,411230217.6,395182540.8,426984048,362030428.8,456490252.8,364067049.6,402457075.2,408448569.6,377073964.8,612140371.2,415015747.2,331230556.8,279718583.04,408746822.4
2033,447427152,563824713.6,388713254.4,347550912,447841267.2,356095872,320149843.2,258364512,317308579.2,480916915.2,399261744,372972902.4,342833904,612838224,441220089.6,304815139.2
2034,469356681.6,504479577.6,516158352,402476860.8,419662252.8,402465974.4,391887244.8,220656614.4,372220272,364456886.4,377291260.8,419523408,480034512,468056275.2,333610185.6,373446892.8
2035,561936441.6,462780691.2,550762070.4,331935408,391736044.8,393108768,307051257.6,237626896.32,380058825.6,407453414.4,378043891.2,367928784,427639305.6,244736035.2,364426560,433988409.6
2036,432280800,557370201.6,392916009.6,386980925.76,436203619.2,366939676.8,428096448,248650819.2,518112806.4,337985481.6,433461542.4,355879958.4,414787392,526453084.8,280961827.2,359640172.8
2037,490767724.8,523078646.4,512111462.4,483225955.2,427913193.6,269082432,407640124.8,230445656.64,402421219.2,397815148.8,373995360,413452944,376555910.4,392348534.4,386816601.6,353191708.8
2038,457046064,446858035.2,501710716.8,386434627.2,381401136,352669161.6,358482499.2,181836541.44,405506563.2,405248400,445809916.8,364570675.2,479072880,304835011.2,335350108.8,374722329.6
2039,443571984,455597222.4,331109683.2,353241302.4,336580876.8,436185388.8,337713753.6,540726278.4,385863177.6,453298377.6,329140800,386254483.2,368444246.4,401935392,430659331.2,401275987.2
2040,420281395.2,419058921.6,332281785.6,321622099.2,438557155.2,566143776,305239968,247910353.92,389375337.6,433983744,321123830.4,450750268.8,422622748.8,372171196.8,329350147.2,337355280
2041,418241404.8,454446374.4,488533852.8,333146476.8,479498918.4,344712153.6,380778364.8,297970790.4,359772537.6,401065689.6,261771264,402063955.2,384391094.4,388065168,386566214.4,401799225.6
2042,419823216,545329065.6,400942224,339296860.8,443273990.4,358659187.2,368342812.8,313079212.8,429588489.6,446349225.6,355699468.8,346500288,384554304,401844672,360205488,316982937.6
2043,400184841.6,495932889.6,401505811.2,336563078.4,453458649.6,355519670.4,352804032,235799942.4,301952793.6,392641084.8,334282204.8,615258892.8,445302403.2,335628403.2,292415616,401046076.8
2044,381353356.8,541062547.2,392661734.4,328681065.6,377697168,388519718.4,415142496,277011273.6,409608403.2,381214080,358276435.2,416830320,392999817.6,347332665.6,297448070.4,410961427.2
2045,486491961.6,494477654.4,357432480,360719481.6,393890601.6,327300652.8,313380835.2,184584648.96,395447443.2,331092489.6,307026547.2,385167830.4,361672646.4,326327529.6,325246665.6,295026796.8
2046,444653107.2,583406668.8,397099843.2,342733593.6,393502406.4,411306076.8,377292902.4,271515274.56,351388540.8,317634566.4,334379059.2,390015129.6,305771587.2,349665206.4,343317484.8,373451299.2
2047,407577398.4,547332508.8,345809865.6,423187027.2,363691296,337416796.8,438450019.2,291413635.2,346157712,486127008,333700905.6,525348115.2,491913388.8,367796246.4,334382515.2,381526848
2048,398930572.8,461536790.4,341627673.6,342697824,394415308.8,298753660.8,418803782.4,250644715.2,355925577.6,430131772.8,265984214.4,437729184,452538835.2,353060985.6,441718444.8,357786720
2049,502827350.4,461282342.4,499274841.6,330934291.2,388446192,411960643.2,352101168,176131670.4,412039872,394700774.4,280422000,419212022.4,458104291.2,402197702.4,322974000,366658963.2
2050,415678694.4,356529081.6,320558342.4,349076131.2,384609686.4,412149945.6,372220444.8,275377795.2,478358956.8,389162188.8,348811142.4,535565865.6,361718784,294484576.32,384870441.6,325345075.2
2051,351208310.4,528871161.6,470789020.8,380315174.4,355845571.2,347193129.6,401695372.8,286176153.6,354546374.4,352626825.6,311822352,383652201.6,408204662.4,328172428.8,203808268.8,329662828.8
2052,312661468.8,471294720,590215420.8,359168774.4,399169555.2,248329990.08,360571564.8,238483267.2,377737171.2,408823372.8,313173561.6,372128256,441211968,397703433.6,386891078.4,316713542.4
2053,294994742.4,448016486.4,433342828.8,370596124.8,396105465.6,443714803.2,366846624,258369747.84,360654076.8,295905139.2,307132819.2,526636771.2,455911718.4,375310022.4,275372611.2,355537382.4
2054,370409846.4,381295382.4,425400681.6,327710119.68,463097260.8,445433644.8,352048550.4,270424656,257681606.4,324978998.4,330329059.2,360519552,350810784,274136140.8,328734288,388812960
2055,494857036.8,371837606.4,412068038.4,454635763.2,330229094.4,307584950.4,330351428.16,198560868.48,385423920,357019488,281133158.4,418963017.6,342987523.2,336740025.6,350156736,337527734.4
2056,528388790.4,438349276.8,338350262.4,365225846.4,349942550.4,234730224,349287552,203215046.4,425112969.6,308011075.2,366418166.4,403316150.4,362272262.4,292914489.6,432877651.2,407585001.6
2057,360250502.4,456956640,370637596.8,453964003.2,361595750.4,234513619.2,381474403.2,310723369.92,420101164.8,363261024,428792918.4,339915052.8,288816796.8,458478662.4,374979801.6,341548185.6
2058,391741747.2,433680998.4,424267804.8,340946755.2,326505081.6,367065388.8,353187648,161912355.84,327479932.8,322748755.2,293551776,397009814.4,350799120,248603817.6,284444611.2,353466547.2
2059,385268054.4,478929888,363428812.8,439174742.4,353849904,392813798.4,471226204.8,220120848,352661990.4,334831276.8,304708867.2,333153820.8,446317257.6,391227408,345779280,291705494.4
2060,334399017.6,468579600,371921587.2,301764096,385385904,305907148.8,291529411.2,197537529.6,323095910.4,247289414.4,292170585.6,493957094.4,392005958.4,312580166.4,369071683.2,326703196.8
2061,370699632,365987721.6,287560540.8,290879164.8,345531916.8,300492460.8,307371628.8,200139266.88,295908249.6,303910012.8,268926652.8,470359180.8,453912854.4,332601120,257254272,288064166.4
2062,401054457.6,435143750.4,341138649.6,297773452.8,380384985.6,412432732.8,406032048,192466834.56,312770160,303032620.8,349587532.8,370940601.6,463133376,293115283.2,357042384,268048137.6
2063,363863491.2,478590508.8,341773776,334381478.4,356173200,412814620.8,359954323.2,178906000.32,335320300.8,407328048,308175753.6,531373392,343300550.4,394067064.96,320843721.6,416572502.4
2064,401392627.2,412396876.8,293759654.4,293725872,367791840,267325056,229867459.2,213193658.88,268830835.2,328823712,409772649.6,518974646.4,341633635.2,374953449.6,340686259.2,286255555.2
2065,371094825.6,432376012.8,439559913.6,296134963.2,358546089.6,241328505.6,313280352,177038023.68,322634102.4,388730966.4,305359200,393686265.6,453032697.6,284485132.8,502024262.4,380999808
2066,379433980.8,483933139.2,342569779.2,226529196.48,349258003.2,288383414.4,451846944,202025318.4,383283360,417025324.8,267056524.8,369019065.6,313996608,302793897.6,314694979.2,297154396.8
2067,328991673.6,482925888,315368380.8,367548364.8,336854073.6,306863164.8,196459603.2,198992177.28,295949808,332700134.4,296556422.4,367498944,270062035.2,352906070.4,339975619.2,498235276.8
2068,360164102.4,445910054.4,404748230.4,392077584,337292294.4,316062604.8,328206038.4,171264646.08,399999168,302725900.8,325247356.8,380465251.2,356351356.8,388631692.8,305618313.6,367129497.6
2069,360393753.6,525358310.4,437093193.6,291611145.6,349986787.2,351608688,254897020.8,188762080.32,407468102.4,295386480,240062140.8,319396262.4,324705024,316723219.2,259619385.6,272269728
2070,284136076.8,453097324.8,383056732.8,236149603.2,309119068.8,286390166.4,351369360,227214028.8,343559577.6,286649020.8,302616432,312179788.8,385762694.4,399561120,242203478.4,345657283.2
2071,431482982.4,446519520,333700560,236281968,341773603.2,404687059.2,293642928,199539331.2,313461187.2,300220041.6,308912054.4,373257763.2,441128851.2,255362803.2,237613478.4,303982934.4
2072,344796652.8,287819395.2,331787145.6,343918880.64,341473881.6,176742941.76,381237667.2,147019726.08,333708681.6,361559289.6,250470835.2,337046745.6,354348172.8,332060083.2,229112720.64,375108762.24
2073,324259718.4,344338732.8,450642009.6,351459907.2,338757552,327194553.6,266303462.4,190136894.4,395578598.4,522724752,355729363.2,426370867.2,316465833.6,314053804.8,288747331.2,302756140.8
2074,441023443.2,488668896,399278332.8,278966160,417345436.8,283918089.6,301589136,307138435.2,313682371.2,452546352,293037264,337967683.2,286536528,278915443.2,311513212.8,322086326.4
2075,321790060.8,385205500.8,308823235.2,230311641.6,351998956.8,276677942.4,315447696,248701233.6,291924691.2,283894761.6,327879878.4,380554934.4,352369958.4,237246883.2,307747209.6,371551017.6
2076,279951206.4,428335084.8,372214483.2,277853673.6,327058128,235597550.4,326090275.2,204664838.4,405523152,503848252.8,358191504,309217651.2,289491408,356183308.8,211550572.8,317376230.4
2077,352706745.6,397941206.4,303599923.2,298923782.4,329648572.8,318706272,347275209.6,195120420.48,281164521.6,302464713.6,354354307.2,369408297.6,345188217.6,202493399.04,285938985.6,266749165.44
2078,356927472,350115004.8,497215584,356334422.4,275211388.8,353959459.2,320405932.8,275000054.4,337076380.8,254155795.2,276191683.2,327108499.2,384026486.4,280977379.2,359216380.8,288833558.4
2079,320925974.4,565836796.8,344946988.8,239782464,360009705.6,264104236.8,292301481.6,214912241.28,381497990.4,266265187.2,284888880,391034390.4,275142355.2,338900976,304354713.6,385168435.2
2080,346891939.2,380234822.4,410602953.6,254947564.8,351060134.4,338016067.2,291638448,307676880,372141734.4,386706873.6,303107097.6,268477545.6,326898633.6,311886547.2,236861020.8,250695388.8
2081,314703532.8,329628096,350805168,338492217.6,306508579.2,331604150.4,226790323.2,115618363.2,259671744,415019462.4,294627715.2,338910566.4,316573056,290253369.6,250335014.4,218682806.4
2082,382468694.4,340860700.8,336287116.8,323692156.8,319740652.8,383652547.2,346246272,228101209.92,280051430.4,227152684.8,269859081.6,406956096,390761280,295785302.4,229677897.6,220604783.04
2083,295438708.8,405324000,366508540.8,268165632.96,371729779.2,400666608,253132041.6,181753623.36,233793043.2,388964160,394304976,299251756.8,431045366.4,264977654.4,382440441.6,325677369.6
2084,330959787.84,328069699.2,372611923.2,292432377.6,346176115.2,190535673.6,320639040,168715241.28,301144072.32,346312713.6,382182364.8,366722294.4,441037699.2,332284464,225297331.2,305127993.6
2085,360095760,419777424,370969718.4,292065644.16,285477782.4,284477529.6,286360963.2,185649019.2,372626006.4,306560764.8,350869449.6,364317696,336029644.8,298298851.2,222690124.8,359202729.6
2086,348870672,361531641.6,305119612.8,246598214.4,305498563.2,262396022.4,390447734.4,213994016.64,306511689.6,277785417.6,392048726.4,506560780.8,323013657.6,372155817.6,232565480.64,307699516.8
2087,265132569.6,443420438.4,387316512,279257155.2,344408284.8,319870425.6,232508275.2,220127103.36,346605004.8,426279974.4,311161564.8,452106921.6,264523536,311624668.8,327675628.8,227213164.8
2088,342834940.8,297523152,270491097.6,248118318.72,303730646.4,265443177.6,356131209.6,242508660.48,415601366.4,318764678.4,270942019.2,576866620.8,248381337.6,243666230.4,217757030.4,251864320.32
2089,391958265.6,290510064,325669507.2,404579750.4,319025001.6,319085395.2,368421264,386985168,362095660.8,297525571.2,310667184,346896777.6,270203731.2,299854051.2,255297484.8,285095808
2090,376115097.6,322266556.8,342013276.8,390383107.2,275127667.2,263001168,284809910.4,165361357.44,375246604.8,287118691.2,305845804.8,440495539.2,402800601.6,300873916.8,200401516.8,303433689.6
2091,337093660.8,384383923.2,385767273.6,256576032,298467849.6,279586339.2,414380275.2,150278155.2,319788345.6,268695014.4,292920364.8,450135360,278838720,317719756.8,230298940.8,267479539.2
2092,307315728,375249110.4,411347116.8,234254332.8,315603388.8,260732476.8,299602022.4,131061075.84,313757625.6,336268886.4,272923862.4,353127081.6,264296822.4,271096156.8,243454723.2,284345856
2093,375603091.2,529988745.6,288510249.6,395622316.8,306372672,271897084.8,359380627.2,186919133.76,363742617.6,294682752,270917568,332926934.4,314496777.6,310848537.6,309510201.6,283472784
2094,317885126.4,471449808,310361328,460659744,302381856,364701744,288978537.6,147099490.56,291448713.6,398089209.6,268939008,270309571.2,316958400,241277443.2,256206326.4,351176515.2
2095,304411132.8,419843174.4,278921491.2,231949872,291085920,225782812.8,361712908.8,139699356.48,261706032,364837478.4,315843580.8,365406163.2,245193696,252808905.6,302832950.4,168882537.6
2096,334970035.2,537577171.2,316636646.4,224722944,343425312,379436400,302400345.6,142596944.64,266620291.2,286690060.8,288831139.2,310162780.8,247538073.6,277611062.4,444417580.8,276160147.2
2097,353161123.2,512975116.8,463190400,267183187.2,302066064,256285728,315141062.4,153883488.96,265873017.6,372142944,299064700.8,337047868.8,341096659.2,340771968,282020918.4,314773430.4
2098,323269574.4,422217446.4,351272332.8,319566297.6,328403980.8,226129276.8,264747484.8,153041469.12,278164540.8,381880656,245857680,422758310.4,476694806.4,274103740.8,322857792,479959603.2
2099,357271776,565421040,347538902.4,254625897.6,257201308.8,303332774.4,229979433.6,176946716.16,320591260.8,362584598.4,289403884.8,370539100.8,312628377.6,289407427.2,193726356.48,324687916.8
2100,280040976,358498915.2,312362179.2,273734726.4,287604950.4,279769766.4,192196368,172737593.28,387597139.2,279051868.8,280544342.4,479671372.8,396376329.6,257355619.2,288025200,488922652.8
