"Date","ACCESS1_0","ACCESS1.3","CanESM2","CNRM","GFDLCM3","GFDLM2G","GFDLM2M","INMCM","IPSL_CM5A_LR","IPSL_CM5A_MR","IPSL_CM5B_LR","MIROC","MIROC5","MPI_LR","MPI_MR","MRI"
2009,37575420.48,80660810.88,60226511.04,97158251.52,80310908.16,90550906.56,108115015.68,120273577.92,56621039.04,102683272.32,78780168,73656224.64,74238171.84,37122710.4,83562200.64,80252527.68
2010,48690149.76,80814836.16,62770541.76,127501309.44,70287739.2,102365043.84,123012457.92,116445686.4,92918664,92388418.56,76024146.24,54113546.88,66803745.6,72141477.12,70310116.8,77687475.84
2011,49721333.76,68583049.92,77634486.72,149794704,100317199.68,84786937.92,78162744.96,159377673.6,128798830.08,98045398.08,89153118.72,73823935.68,105491747.52,86531587.2,95122123.2,70834901.76
2012,56951303.04,59199577.92,79009395.84,141921504,89234870.4,85723643.52,95264657.28,120042146.88,75452688,94487160.96,60086067.84,74801378.88,78654620.16,48896611.2,90237222.72,78184794.24
2013,56971607.04,70149343.68,86883192,124476696,98247461.76,94985749.44,109870439.04,130696856.64,89922839.04,129214396.8,100760336.64,87304080.96,83626266.24,89589706.56,81334713.6,78375047.04
2014,46974090.24,45790583.04,65219964.48,98627880.96,70472488.32,79832148.48,105783062.4,90323242.56,105653505.6,104723435.52,152382556.8,87435892.8,97729329.6,87572439.36,93220640.64,56752263.36
2015,65350385.28,42290812.8,83527692.48,112484911.68,106131625.92,94176224.64,103378334.4,119665632.96,127235836.8,80923976.64,103852005.12,79950741.12,92809791.36,78731827.2,90934202.88,81870791.04
2016,69783206.4,49687015.68,79502031.36,91474928.64,80731356.48,89379745.92,104199946.56,72902721.6,96620722.56,70270009.92,151222196.16,83875374.72,89267201.28,63679893.12,43998664.32,93362120.64
2017,77588340.48,64602057.6,113596646.4,88634779.2,94377839.04,84427894.08,107703259.2,107149988.16,59821511.04,69215601.6,80165643.84,74499972.48,40371514.56,121129171.2,91157918.4,102095501.76
2018,50898741.12,63389865.6,82305650.88,92855220.48,61521197.76,112258293.12,103321172.16,125170436.16,117552444.48,127321977.6,106183206.72,92916866.88,58119595.2,103744938.24,102409574.4,73650185.28
2019,54587260.8,71158331.52,78072793.92,65552466.24,147470440.32,85138542.72,85571130.24,127157679.36,136889481.6,75051809.28,100488686.4,78478269.12,78186729.6,84601350.72,98153717.76,42252174.72
2020,53281635.84,51979700.16,94401547.2,95591534.4,87310440,128085408,99871565.76,117687479.04,73765019.52,141572983.68,92874565.44,77799450.24,72159145.92,73580797.44,120526125.12,108080187.84
2021,58644665.28,78607186.56,85786473.6,112967308.8,106779841.92,105862740.48,125150434.56,112006825.92,115206935.04,99000377.28,87897528,75294869.76,69234773.76,135239725.44,93813914.88,53593047.36
2022,65056582.08,88537916.16,105327483.84,115153237.44,121281684.48,68867133.12,85368021.12,108836879.04,109150744.32,126935216.64,116484825.6,79215226.56,75037812.48,96163433.28,76523235.84,116335379.52
2023,68812390.08,59537687.04,74265379.2,138015541.44,105608543.04,97516707.84,119379277.44,98301608.64,80134194.24,71551131.84,79662000.96,74666491.2,93269715.84,83769024.96,89926562.88,70988788.8
2024,72830681.28,62946417.6,53483094.72,72671644.8,108418080.96,194284742.4,72807154.56,84743547.84,92114651.52,109923704.64,92251258.56,71116306.56,67648901.76,80026920,127283650.56,83880550.08
2025,51630592.32,89129488.32,71797017.6,116626944.96,81853519.68,72758096.64,109170331.2,130265262.72,133059369.6,91363818.24,95168744.64,68538052.8,64637084.16,90042019.2,96302312.64,94200520.32
2026,71564299.2,78647397.12,81697930.56,95123643.84,66857745.6,73872388.8,128777126.4,123308481.6,94146416.64,133811524.8,80219738.88,62115828.48,59964848.64,69643540.8,68585624.64,109614479.04
2027,65026212.48,75759995.52,75864228.48,122565925.44,81760596.48,100815468.48,86394219.84,148372231.68,133415786.88,80473193.28,138180816,86889265.92,84590507.52,76014564.48,63308165.76,114077030.4
2028,52403708.16,53256312,81430367.04,92186424,115377168.96,135235958.4,88681970.88,158572598.4,77497853.76,65737811.52,98262953.28,80550305.28,99707207.04,106818963.84,107745577.92,105355546.56
2029,60775151.04,47531335.68,88574938.56,162153964.8,81443076.48,75643882.56,106657205.76,126780094.08,155973323.52,90898614.72,100988899.2,81171581.76,79618844.16,68312903.04,118051585.92,98273200.32
2030,36181797.12,53237278.08,73667871.36,165365193.6,75414620.16,127291521.6,68056079.04,251382528,94594893.12,92426728.32,89991293.76,66442800.96,98371739.52,104112267.84,64112074.56,91795749.12
2031,88501567.68,62617890.24,105804904.32,66941674.56,117376871.04,65914179.84,138959020.8,233356118.4,97825466.88,141565536,99893183.04,75236230.08,46182018.24,129787634.88,71083785.6,66961650.24
2032,117547424.64,60215330.88,77219170.56,79009292.16,57893529.6,107122288.32,111513136.32,201862454.4,132313582.08,90493528.32,135233850.24,100209415.68,76455653.76,95038574.4,65307254.4,90992350.08
2033,87206198.4,55376395.2,118621748.16,168545059.2,105666275.52,85549538.88,113074211.52,102854560.32,98190152.64,150768466.56,108809965.44,82844510.4,76893563.52,116691459.84,74994845.76,62775328.32
2034,58620568.32,62848241.28,45943390.08,110471843.52,105852960,101184275.52,110672455.68,196669641.6,70961607.36,45219522.24,117326188.8,86690390.4,77646150.72,81840084.48,143070883.2,95146790.4
2035,119164953.6,61608608.64,121113999.36,162647308.8,58944274.56,100203998.4,95587966.08,161627097.6,122590756.8,97058597.76,91760904,49934171.52,67106733.12,61594093.44,96030118.08,109735395.84
2036,60775945.92,63272525.76,82855811.52,100912564.8,83292563.52,86180077.44,111044874.24,108497335.68,163353196.8,62540156.16,84541656.96,76645241.28,80827614.72,93082910.4,106898875.2,102918297.6
2037,75078757.44,63631396.8,95164968.96,90496327.68,101029135.68,95637559.68,88583630.4,65385385.92,110945712.96,108494657.28,96612730.56,38506752,95409498.24,132268204.8,77951090.88,93659146.56
2038,62583891.84,85730849.28,100981944,82157777.28,60439167.36,64939000.32,149324955.84,110270903.04,129635424,107301646.08,85048125.12,99644895.36,78912904.32,91627174.08,101447138.88,85825690.56
2039,63127416.96,94249837.44,79698496.32,101366864.64,52104720.96,109077321.6,99772974.72,128921474.88,114137389.44,107151215.04,100096680.96,69364745.28,111177299.52,80399615.04,98087405.76,81147761.28
2040,61168106.88,49718309.76,91936589.76,148531147.2,99542856.96,100468615.68,132608620.8,157221587.52,109701069.12,174966480,131025461.76,70350793.92,66395056.32,172189324.8,136908489.6,96546038.4
2041,70977677.76,68271837.12,126191995.2,105925993.92,91615622.4,95808476.16,68124127.68,86614427.52,101427482.88,65959747.2,100686732.48,91798626.24,72286439.04,82832492.16,78396949.44,84895490.88
2042,90006897.6,64480017.6,94536348.48,127613681.28,75115728,116697810.24,123007939.2,74392395.84,102382764.48,100345409.28,133653024,83316643.2,81414987.84,150633984.96,110652402.24,85603789.44
2043,55466277.12,75563599.68,56279102.4,69631047.36,141730395.84,123550246.08,112322678.4,108740940.48,161576121.6,113644995.84,108778835.52,75721219.2,74976442.56,69267458.88,106640858.88,67804957.44
2044,42081888.96,91817003.52,86381441.28,134785814.4,107339281.92,110018943.36,66504214.08,179697268.8,100308101.76,98416054.08,134541034.56,116456650.56,132595030.08,79434034.56,85939263.36,87481192.32
2045,101852994.24,71540193.6,68857706.88,121581648,69677712,90228660.48,120163426.56,110474392.32,143358249.6,148559011.2,111642451.2,59312416.32,70709448.96,128454163.2,113008979.52,86829045.12
2046,65148675.84,46673616.96,75943137.6,140247823.68,113695392.96,155272965.12,110289867.84,62741848.32,203483232,95026426.56,126027506.88,67575876.48,52089065.28,128345843.52,108184075.2,87004938.24
2047,65565434.88,66714217.92,77005218.24,129441101.76,80797849.92,103434425.28,116142292.8,222165979.2,136914477.12,151025040,86650577.28,85990308.48,121091768.64,90820595.52,158915779.2,101774128.32
2048,47424856.32,121307725.44,105158286.72,132159695.04,74621174.4,115116724.8,122396659.2,164345414.4,108069379.2,160947302.4,108792374.4,117613512,79067240.64,100068229.44,128166019.2,151954496.64
2049,46352459.52,71504112.96,104667258.24,91562676.48,94874561.28,86166020.16,90082938.24,125170652.16,86537289.6,139110825.6,52545620.16,107991938.88,109270805.76,77730580.8,80504789.76,112656225.6
2050,81183479.04,48153104.64,59544149.76,155139321.6,94528365.12,139978886.4,76998366.72,131999984.64,201039261.12,118305947.52,162816825.6,112254768,82087283.52,85724187.84,153267724.8,101618245.44
2051,44775374.4,82287144,90216478.08,107651911.68,114898694.4,129292925.76,140450976,104386466.88,157786704,170462733.12,113382694.08,70598615.04,70982179.2,92703476.16,116502148.8,66377309.76
2052,110348827.2,125095337.28,107175579.84,133328937.6,98223382.08,112024684.8,171437523.84,148978077.12,163822348.8,96528680.64,128920550.4,66620508.48,68374022.4,137877206.4,93017773.44,95082992.64
2053,48944822.4,63554967.36,127546021.44,154100076.48,77344562.88,142524144,161287372.8,120439820.16,133862284.8,89798405.76,107268779.52,86205556.8,98156327.04,159857452.8,75751614.72,93089105.28
2054,99165772.8,112173802.56,72465857.28,135620256.96,143224156.8,120451916.16,105024055.68,158798249.28,133435270.08,68001370.56,154919606.4,71796032.64,60699119.04,84909746.88,58107136.32,100811088
2055,109315180.8,62805715.2,91158497.28,102191077.44,51661247.04,73924099.2,66876183.36,152905328.64,123096499.2,181794326.4,86125127.04,97330144.32,89128002.24,103012361.28,93448149.12,134073619.2
2056,59148584.64,110083164.48,130893926.4,169754918.4,125208218.88,88866218.88,96376772.16,68057720.64,245379283.2,101302928.64,142566220.8,93511281.6,84872024.64,104922527.04,114378894.72,115688459.52
2057,45169954.56,91999177.92,72164710.08,138342384,57088791.36,67311898.56,133150003.2,80814041.28,153835804.8,67701130.56,166469549.76,81682931.52,69545165.76,144496137.6,101794008.96,85879630.08
2058,29963355.84,42839746.56,99329094.72,166589136,68852816.64,123499512,75103269.12,108798292.8,120615212.16,100270751.04,103748385.6,64057711.68,82948579.2,104026826.88,104045748.48,101382857.28
2059,94522083.84,91158557.76,83299674.24,127329157.44,140931558.72,120772823.04,85002575.04,100659810.24,157475491.2,124465852.8,99697608,89382934.08,102088736.64,112593965.76,73980561.6,67566839.04
2060,63475971.84,123787725.12,111013174.08,134214796.8,112773911.04,104049895.68,124288257.6,84236483.52,195735312,73807182.72,89511022.08,77417821.44,114333413.76,102304641.6,68241294.72,96536232
2061,82001989.44,98991011.52,70297761.6,106951985.28,88283649.6,121652565.12,150338592,67156655.04,105203733.12,116695831.68,100736550.72,97915962.24,88713334.08,145412928,119831875.2,104484470.4
2062,55793378.88,79233958.08,78072716.16,146953785.6,169337779.2,90056845.44,109609035.84,129800361.6,163667424.96,135382881.6,142666358.4,116465584.32,89603444.16,74943083.52,94105307.52,63131209.92
2063,74623187.52,60453613.44,114103926.72,155757686.4,54497629.44,141721488,93591789.12,133611102.72,112609802.88,174699296.64,88407028.8,93013367.04,84676328.64,128153664,124283341.44,77033229.12
2064,96628351.68,114723682.56,79899739.2,203540515.2,123963082.56,127279123.2,79244948.16,123847332.48,104182130.88,112429909.44,157971340.8,100595096.64,88226055.36,91665293.76,117339554.88,130623753.6
2065,54618408,89286459.84,144146131.2,118181436.48,121108296.96,82740121.92,132739041.6,157646649.6,85775941.44,125523812.16,127597196.16,105784773.12,90805129.92,79381373.76,88566229.44,96235974.72
2066,71861376.96,81808591.68,114427209.6,177710803.2,96784666.56,116096008.32,152047843.2,218871676.8,109789542.72,238117622.4,88380365.76,134126150.4,116581991.04,102208685.76,84876258.24,121307863.68
2067,48188252.16,59357309.76,71188934.4,105417218.88,103067709.12,117597890.88,74810744.64,170986204.8,117247392,167605277.76,130888656,141609945.6,71479946.88,121898217.6,149014581.12,116509017.6
2068,75515716.8,79164060.48,94151453.76,176255481.6,90031098.24,100429355.52,83189799.36,107717506.56,119465314.56,62620119.36,162173629.44,93583728,55339450.56,106032948.48,85374993.6,118464802.56
2069,72029157.12,81259200,95609134.08,167396976,80101146.24,104482699.2,95280978.24,114265131.84,105416225.28,170284464,107276572.8,89098272,86166754.56,120444494.4,108758609.28,100206901.44
2070,51049474.56,100154750.4,129497209.92,141662131.2,31950763.2,120458534.4,88302165.12,237920319.36,150900278.4,99654148.8,96121442.88,67579107.84,83520279.36,82228167.36,103674271.68,103201637.76
2071,76477314.24,94042149.12,101687460.48,115724272.32,89874601.92,108548527.68,157272192,72917962.56,148961825.28,81208128.96,135324604.8,88017589.44,108384981.12,80514354.24,114997596.48,83346364.8
2072,86285917.44,41593487.04,64386342.72,175076812.8,73371363.84,112191117.12,85582794.24,113697267.84,117986794.56,133210172.16,133815084.48,111814706.88,148896023.04,90140679.36,95947813.44,138823977.6
2073,64016360.64,51424528.32,81135095.04,171970620.48,170663932.8,94662112.32,100220544,125772756.48,155118188.16,220840819.2,136365275.52,81166345.92,73498043.52,133232852.16,72567290.88,90887028.48
2074,85282562.88,71071853.76,117875597.76,118420963.2,108417026.88,120038716.8,112624499.52,157835952,92535082.56,157964135.04,97577231.04,96509836.8,101261689.92,69561823.68,99689616,110696060.16
2075,80131282.56,68703871.68,123077923.2,101380343.04,121791384,119458134.72,72804234.24,183743942.4,139019690.88,92743021.44,139254655.68,115861363.2,55401909.12,68873915.52,158436259.2,82083784.32
2076,76570738.56,119329571.52,101369568.96,134525387.52,79144914.24,87850733.76,134669520,118716287.04,156982138.56,224459942.4,154315411.2,78994992.96,127500998.4,178638652.8,100567077.12,102766777.92
2077,163520208,106784136,83341656,189793843.2,97222896,106035229.44,113157941.76,168422544,93775656.96,66085355.52,119598284.16,92395529.28,72056589.12,130477435.2,84436413.12,94647864.96
2078,76156511.04,89622529.92,128341843.2,196378041.6,56272847.04,138483043.2,148277088,143607168,216807667.2,112227007.68,155476368,99145313.28,110349086.4,99074966.4,105607264.32,77543205.12
2079,62963714.88,64099045.44,97212139.2,116063979.84,130794600.96,92786791.68,120582483.84,94945210.56,121790364.48,128124892.8,124846876.8,105534696.96,75449093.76,111887343.36,104107800.96,138221510.4
2080,60564378.24,47367840.96,164048086.08,118378756.8,156600518.4,93888046.08,141246374.4,229301625.6,111655584,210361968,154132156.8,93014161.92,73348234.56,134808312.96,107838760.32,128945208.96
2081,86474753.28,77865649.92,93950599.68,147432994.56,110595697.92,113254243.2,84008448,107463153.6,176815353.6,206409600,136089244.8,91151360.64,63213186.24,173407392,104676105.6,86229610.56
2082,67980945.6,89294019.84,68400046.08,151791235.2,123767352,128462768.64,135052185.6,122493012.48,129452342.4,163564073.28,89423974.08,91669579.2,101787485.76,80204385.6,86098152.96,143262267.84
2083,91395708.48,127120665.6,186465456,90814340.16,152489001.6,74027874.24,117510739.2,80660430.72,183018700.8,139039977.6,137815516.8,96856050.24,129568394.88,90960693.12,113912801.28,86711472
2084,108429779.52,80693262.72,153462038.4,75900672,100402251.84,53198873.28,110604182.4,148971864.96,93030102.72,244486252.8,118030435.2,93896789.76,88261470.72,118528211.52,50527082.88,67720320
2085,81169179.84,57502068.48,96967679.04,125101929.6,80839209.6,126232300.8,123881702.4,154739211.84,132449100.48,186645936.96,211909392,76727900.16,101769048,145043136,93327042.24,85021142.4
2086,97643586.24,64845342.72,105050001.6,174065518.08,101185286.4,108530832.96,118359256.32,164986675.2,161761207.68,221519136.96,159913180.8,80508574.08,100924133.76,150501715.2,127919053.44,103991351.04
2087,110362245.12,160447392,124646074.56,184477392,116244020.16,110483144.64,117131227.2,218917900.8,133815715.2,199150099.2,125436556.8,105227588.16,74208078.72,86494219.2,80601445.44,87315770.88
2088,54373498.56,62445988.8,98269130.88,122703949.44,87847364.16,115060314.24,98640210.24,200913868.8,116671691.52,103181670.72,89047434.24,118782979.2,72311088.96,64628850.24,96752646.72,118372570.56
2089,69546418.56,72389125.44,171716889.6,130907664,118558598.4,118277193.6,116033299.2,198775296,227795932.8,143867508.48,206527276.8,102951077.76,74750100.48,113972909.76,152314525.44,116586120.96
2090,45099192.96,74891312.64,97828395.84,164563660.8,167676048,138600720,106945004.16,180343411.2,210271334.4,73011715.2,101029489.92,136531958.4,62298434.88,150298070.4,89550973.44,150061766.4
2091,90610012.8,79115875.2,78010456.32,124932240,126700424.64,101410462.08,119414908.8,98973083.52,131733155.52,184272546.24,137208556.8,98128791.36,89376523.2,136105401.6,101586804.48,120314954.88
2092,71569336.32,87058903.68,123542409.6,132096787.2,91773959.04,77607910.08,86020375.68,165206563.2,173080454.4,86900014.08,124626211.2,140342716.8,80876162.88,80346695.04,164676585.6,107040623.04
2093,96289637.76,66770870.4,72703396.8,188561260.8,121365734.4,106317722.88,105937217.28,140788177.92,165543782.4,127594051.2,93823254.72,92230704,89035269.12,81177793.92,89407221.12,96959980.8
2094,54712497.6,93728275.2,83321282.88,106474910.4,77647714.56,133092374.4,81174519.36,124013410.56,273438460.8,283060224,190161734.4,70948310.4,101405476.8,115847876.16,54580357.44,83595931.2
2095,65251889.28,70379470.08,64470012.48,111993693.12,149692492.8,129470054.4,129677414.4,142572277.44,163847232,130412332.8,134951184,94662432,73534314.24,102341534.4,89722365.12,113646231.36
2096,82270468.8,72078154.56,128526480,135398390.4,163874473.92,114632435.52,104123378.88,130597064.64,181697817.6,139243449.6,151189718.4,114433836.48,82224996.48,125162668.8,145055404.8,91896327.36
2097,101206912.32,98018484.48,108988778.88,107397757.44,129866457.6,113028998.4,106134364.8,118120455.36,94553870.4,202037241.6,87933349.44,78713424,97431180.48,133123288.32,119604470.4,115291641.6
2098,62368920,92352839.04,130973241.6,138303590.4,91753611.84,102209281.92,138349080,155994940.8,226399795.2,160828156.8,109858550.4,84372537.6,99122840.64,72445570.56,121716216,131232700.8
2099,80625741.12,87344723.52,90915583.68,113246311.68,71920180.8,137746051.2,107374809.6,162475994.88,150544483.2,154060652.16,162071539.2,99125527.68,107047776.96,92663507.52,114217499.52,163570579.2
2100,63851906.88,72874373.76,114962198.4,108342653.76,123716315.52,149462150.4,111135473.28,126757180.8,229561516.8,116024538.24,182332425.6,147297225.6,108911364.48,94557473.28,80268857.28,138612729.6
