"Date","ACCESS1_0","ACCESS1.3","CanESM2","CNRM","GFDLCM3","GFDLM2G","GFDLM2M","INMCM","IPSL_CM5A_LR","IPSL_CM5A_MR","IPSL_CM5B_LR","MIROC","MIROC5","MPI_LR","MPI_MR","MRI"
2009,67295413.44,61939045.44,83779522.56,62895121.92,91927465.92,55915574.4,118003720.32,94227788.16,81373291.2,126608780.16,72487543.68,55753418.88,93533296.32,65568510.72,117293123.52,140303620.8
2010,81504334.08,62800159.68,78564003.84,135581212.8,60866631.36,70883657.28,88434832.32,154373644.8,90004988.16,92214858.24,87456576.96,57581893.44,74690000.64,67176786.24,95375646.72,60721868.16
2011,28831533.12,69609611.52,68421723.84,109530463.68,61114357.44,79435434.24,51644217.6,120840975.36,106013992.32,89414496,86386279.68,75022286.4,67265501.76,74834953.92,76445182.08,67540936.32
2012,64979280,82648598.4,68345493.12,114303571.2,103157400.96,100596634.56,90467444.16,145887860.16,83087700.48,89122809.6,65471984.64,82447416,58568633.28,101858230.08,69122393.28,70871708.16
2013,74513753.28,50942856.96,92447792.64,70247589.12,95532229.44,76590722.88,98641791.36,99353191.68,93774905.28,117307837.44,130262497.92,85369481.28,86579608.32,78910701.12,82278676.8,65610501.12
2014,72800458.56,74695167.36,98204270.4,121014293.76,76670012.16,149371473.6,91749188.16,123939668.16,79888559.04,76447566.72,96085154.88,58207662.72,65076220.8,92282829.12,99215902.08,95056027.2
2015,87044768.64,56926696.32,92469841.92,82276032.96,82752883.2,72319443.84,115879688.64,170581533.12,117274236.48,117899262.72,117589872.96,66813275.52,80019627.84,108260098.56,91866355.2,98065054.08
2016,65266758.72,59270218.56,66259823.04,137192123.52,116141152.32,130984231.68,110681735.04,69489135.36,114457881.6,101157145.92,94611620.16,85391737.92,58859161.92,97063289.28,61141806.72,78483824.64
2017,64909010.88,45851123.52,102153225.6,65145288.96,90263505.6,96641268.48,91245683.52,77591744.64,91066178.88,89458231.68,111214270.08,100281395.52,58391202.24,78551259.84,86662379.52,102814920
2018,93023173.44,58392472.32,68811120,121809467.52,52789864.32,73173620.16,173292998.4,115719096.96,97057198.08,176070585.6,164173132.8,86374045.44,73486552.32,77809118.4,92947832.64,91379957.76
2019,54262051.2,81395167.68,78008382.72,113262511.68,122558235.84,105825260.16,77417881.92,119375665.92,88080756.48,132933839.04,118028335.68,85807071.36,52582003.2,121132350.72,87879263.04,83418024.96
2020,77155234.56,46176834.24,83270877.12,88135136.64,99136249.92,93614400,98719197.12,105456824.64,151222265.28,87052639.68,134947123.2,82628190.72,84344267.52,56229163.2,67646724.48,95566046.4
2021,42388185.6,79581795.84,67913173.44,64037926.08,83266565.76,109409011.2,136447718.4,123291979.2,95051197.44,113034104.64,145465865.28,73186303.68,81548760.96,94755545.28,80377721.28,92270534.4
2022,71128730.88,52389063.36,79479083.52,119204723.52,71763192,83160432,93161422.08,87458736.96,84748619.52,103045927.68,101857642.56,65930880.96,63458017.92,93224053.44,81404118.72,74052040.32
2023,52059689.28,58129116.48,86696628.48,97191610.56,123257678.4,90955293.12,129468654.72,162436553.28,101506944.96,123131767.68,116759517.12,80976196.8,113674777.92,72423642.24,106215978.24,74590554.24
2024,48991616.64,68833523.52,94797570.24,94334518.08,120897005.76,117310619.52,89385491.52,83287656,142464234.24,119268288,84033227.52,58713569.28,74199015.36,100195401.6,93410910.72,75462624
2025,59785421.76,65890765.44,73790965.44,79073280,70409079.36,124421460.48,112676719.68,149663289.6,207986400,100567500.48,95424635.52,59817726.72,86507809.92,71219943.36,67056482.88,76276512
2026,72777191.04,79407181.44,68116204.8,130595336.64,99940219.2,65613231.36,143537702.4,183895833.6,82444141.44,90126708.48,74733710.4,74931600.9600001,86634109.44,89806570.56,60095476.8,87842257.92
2027,87118571.52,58033877.76,49008093.12,148482970.56,186733391.04,80881053.12,96068963.52,144010094.4,134021952,56772817.92,149616115.2,50612808.96,94307613.12,122683740.48,76943908.8,65997668.16
2028,63262693.44,71124289.92,98522740.8,155128435.2,99563523.84,88366014.72,113773662.72,138607441.92,130038756.48,129138166.08,96519833.28,86014275.84,91504995.84,75736840.32,83667280.32,90471021.12
2029,79587256.32,81261930.24,76902350.4,142045945.92,131055563.52,93678897.6,123578179.2,176548982.4,93788547.84,107323030.08,80354453.76,84755324.16,98366149.44,72463498.56,114443573.76,101697863.04
2030,74380731.84,80169419.52,73054941.12,131098798.08,86923316.16,77106686.4,111879221.76,158765788.8,115259777.28,105223700.16,165518294.4,83971140.48,99721920.96,90362597.76,81814371.84,74188327.68
2031,60795722.88,58036219.2,114893475.84,172086076.8,64852479.36,76092307.2,76454375.04,143469040.32,109784237.76,57860343.36,96411427.2,73667828.16,77617707.84,58951454.4,67105108.8,90075205.44
2032,66688280.64,101585422.08,82499739.84,195883488,67443235.2,90110897.28,134486481.6,123264815.04,173294208,110522344.32,119100931.2,70203827.52,70175972.16,66255451.2,65764362.24,68610196.8
2033,86320218.24,62254751.04,89688323.52,90787910.4,48424512.96,72031325.76,89856855.36,105514729.92,155492092.8,131424768,118237743.36,85203524.16,58279884.48,92857164.48,48877879.68,105228288
2034,52968090.24,74949079.68,102417868.8,94341041.28,68454529.92,144125948.16,132591254.4,190340841.6,109151677.44,145314613.44,89526314.88,111981458.88,68013077.76,78677887.68,78701898.24,77787509.76
2035,94726385.28,96321242.88,80444638.08,114974311.68,77635212.48,102434967.36,74142146.88,145618896.96,146579500.8,190672617.6,125656056,95314726.08,78904480.32,64273806.72,119462048.64,90350527.68
2036,79901380.8,69552293.76,137225594.88,87167776.32,79364067.84,101108079.36,175369415.04,163378684.8,192838406.4,90770820.48,109091689.92,86310956.16,76876758.72,32311267.2,82593492.48,60032266.56
2037,59317332.48,62692954.56,85060463.04,165656448,112375918.08,67913458.56,121760141.76,109978378.56,94339918.08,80090760.96,113687331.84,83760816.96,110923585.92,44925157.44,129057459.84,103797884.16
2038,85285128.96,65350005.12,114734966.4,102419614.08,95324385.6,91361848.32,104303056.32,186163246.08,117175161.6,166116700.8,81321243.84,95804009.28,109570682.88,132321444.48,112916315.52,72169850.88
2039,80633992.32,52336342.08,121463591.04,156935577.6,118741420.8,126170913.6,107470385.28,144011088,115619555.52,119803916.16,123794956.8,93076378.56,74040073.92,110257104.96,83434432.32,109952959.68
2040,70649547.84,88356977.28,62818450.56,117864676.8,120384109.44,86471089.92,98975865.6,169074259.2,158841475.2,83730723.84,177837379.2,92562782.4,96924876.48,83427727.68,115208472.96,82416372.48
2041,89318367.36,86956848,140383540.8,130490654.4,97038233.28,102197237.76,85622624.64,220101321.6,162459475.2,137841946.56,154044288,107543825.28,69418805.76,82141188.48,72083597.76,99101335.68
2042,108819080.64,83227927.68,72634916.16,158878195.2,143510235.84,101060153.28,172091865.6,104839747.2,73307013.12,91323046.08,88523798.4,99544584.96,74910579.84,86538922.56,88036502.4,62328234.24
2043,87228904.32,70505536.32,68965274.88,161527219.2,97162018.56,120253273.92,122734422.72,141390057.6,127163373.12,112522201.92,102337914.24,121691808,110082991.68,105089883.84,96725093.76,59812992
2044,36515188.8,63353378.88,88100421.12,76274023.68,92834173.44,131322582.72,129501616.32,161653924.8,102039816.96,123583337.28,180079459.2,89275694.4,90443347.2,107234055.36,94189590.72,111360873.6
2045,82088821.44,87373719.36,94222560.96,130703068.8,53023783.68,65448941.76,188268883.2,130655229.12,88172625.6,163034380.8,128520777.6,91870286.4,78288318.72,93404119.68,114054963.84,73517855.04
2046,71184312,55177096.32,89428510.08,117055938.24,78035374.08,96079253.76,158262595.2,226838016,195511017.6,85101528.96,134278992,97132901.76,91464776.64,174759664.32,88494327.36,111757501.44
2047,89936377.92,65581056,113873558.4,149214648.96,71101100.16,95410656,59452634.88,143451561.6,164191769.28,111525638.4,186814944,62911857.6,71425108.7999999,63796610.88,94720397.76,92122401.6
2048,72082975.68,99902367.36,87138495.36,134003263.68,172275120,110015737.92,121898269.44,62604731.52,151532035.2,66121678.08,136374019.2,91296979.2,185610960,70164792,98058098.88,94916698.56
2049,80703881.28,47265180.48,95334969.6,118318924.8,143019820.8,115494422.4,109888081.92,115450876.8,126142868.16,132999494.4,132651086.4,96884890.56,71443909.44,66532864.32,131183452.8,121441688.64
2050,156537990.72,113111657.28,103425336,138817843.2,99905978.88,122755037.76,79481684.16,277667481.6,190463616,98460766.08,144899366.4,84890928.96,83124748.8,147114576,112280713.92,112731981.12
2051,93958833.6,80415910.08,94056050.88,160251523.2,69392730.24,107380883.52,122697936,164872713.6,124466544,214218345.6,128501424,100824713.28,102575220.48,129487507.2,89371520.64,85746297.6
2052,57659938.56,174025532.16,99145805.76,188013571.2,80947684.8,119577885.12,79987011.84,127764630.72,175188268.8,285425683.2,130137753.6,82723325.76,102043065.6,72592407.36,107031689.28,83411579.52
2053,70378632,60071803.2,87439383.36,144080432.64,89145144,94885603.2,101513468.16,138839745.6,105306600.96,173917238.4,153994608,124623385.92,143098652.16,93853952.64,104453409.6,126576086.4
2054,104384229.12,77237496,132193123.2,143684124.48,64977664.32,91855062.72,110295043.2,98517634.56,223751548.8,125596163.52,163085097.6,108134585.28,73893418.56,72662918.4,119079668.16,100882609.92
2055,109363106.88,91993112.64,159954894.72,130854934.08,64071069.1199999,89015976,102941210.88,134046835.2,288467740.8,155406565.44,155783865.6,85401630.72,95301489.6,119325502.08,145979193.6,116571830.4
2056,83341768.32,54257783.04,98338078.08,178322601.6,131967014.4,118180391.04,120789550.08,181646107.2,139431628.8,88906334.4,117071861.76,85219032.96,85363122.24,122226166.08,90090247.68,75175560
2057,103595267.52,83568101.76,96572623.68,142167916.8,74564979.84,143317814.4,150746486.4,85013737.92,200387433.6,206026848,142099824.96,110670062.4,87437206.08,122584976.64,129776299.2,110417808.96
2058,80451480.96,75754897.92,98818600.32,102018035.52,97243372.8,118319996.16,119184549.12,125853177.6,180194544,85703227.2,98822220.48,110364068.16,91950215.04,72162904.32,156274444.8,87600234.24
2059,69096983.04,118021890.24,73834251.84,74329246.08,131617008,102464274.24,161472009.6,152930505.6,208973520,239834217.6,150651014.4,76349796.48,68664378.24,121526870.4,82992841.92,102653870.4
2060,68785139.52,123797522.88,84109942.08,144698572.8,66449790.72,91601141.76,114834948.48,212088067.2,209698070.4,109568808,123698707.2,105448608,75309402.24,168690643.2,158256892.8,64554243.84
2061,82417340.16,118096384.32,129940113.6,202020307.2,96095574.72,108416448,117585561.6,175937616,170385206.4,110075716.8,113902182.72,88655402.88,65762262.72,92112068.16,126421516.8,98510912.64
2062,98972098.56,150780873.6,110572387.2,172147662.72,113006491.2,91625247.36,128674742.4,159309676.8,165566211.84,149860454.4,223565961.6,120184646.4,73378725.12,154094400,95937523.2,118609246.08
2063,143327059.2,80975229.12,135978480,161267932.8,121760038.08,82530964.8,149445120.96,105783192,197876736,94823481.6,150637708.8,102196615.68,70398348.48,142808140.8,126954103.68,93435500.16
2064,101340478.08,86366139.84,90046797.12,160874303.04,71361449.28,94459988.16,125705174.4,163271116.8,200322374.4,137368224,118971244.8,95483361.6,69330643.2,131493360.96,109178539.2,135929776.32
2065,99262791.36,50944248,113999443.2,142678817.28,115601731.2,112717172.16,70537141.44,182138457.6,192181075.2,150453849.6,134814801.6,84092109.12,104730053.76,117898053.12,75619042.56,129249043.2
2066,139151952,94496639.04,114376622.4,130632048,111974054.4,147840768,122604192,162887630.4,223276867.2,158826960,100652345.28,119190415.68,86244065.28,58284247.68,78334732.8,109399654.08
2067,118192798.08,56655279.36,99475188.48,236540995.2,43222170.24,104076161.28,71449050.24,135332277.12,97397881.92,101113686.72,177044313.6,141855148.8,72105344.64,64933859.5199999,121381727.04,91906228.8
2068,51674457.6,67152395.52,65432957.76,142208654.4,155058796.8,138120197.76,122673139.2,183419424,170743075.2,157557398.4,171239598.72,122293152,75530992.32,122573692.8,79653749.76,166294080
2069,99650079.36,99714447.36,119608583.04,152241724.8,181528214.4,90582001.92,135014083.2,80857621.44,158483779.2,165088108.8,140317488,117305832.96,122964661.44,134789754.24,102421376.64,112219292.16
2070,95414492.16,50246930.88,140889024,122722560,69763472.64,112822977.6,173391235.2,111840073.92,125061036.48,139961347.2,212339923.2,102504735.36,64890789.12,93931807.68,55214611.2,135109641.6
2071,84870305.28,94386513.6,135415411.2,115755661.44,107022582.72,133391275.2,84792424.32,124616845.44,141357052.8,129492259.2,226979452.8,108878489.28,89922752.64,80921600.64,119601826.56,168696864
2072,71988419.52,43976658.24,122611250.88,107811527.04,107157876.48,93149619.84,99544645.44,100442151.36,252079430.4,190559606.4,166124476.8,92464243.2,101612102.4,104581929.6,63135072,110545827.84
2073,84980223.36,206366745.6,103949447.04,140067118.08,124704524.16,120165240.96,106146875.52,151355865.6,87073358.4,136497398.4,145208246.4,76562435.52,122487940.8,129689449.92,90192147.84,159392793.6
2074,69517025.28,125242657.92,88071995.52,155278883.52,102255246.72,146240294.4,100846442.88,214814315.52,141891073.92,163296000,196379251.2,96567966.72,80012197.44,118885907.52,126027748.8,109138786.56
2075,83448524.16,68701806.72,136911651.84,202994553.6,56039117.76,152049225.6,116970704.64,91998650.88,192043958.4,167331398.4,176126832,106197065.28,115328724.48,159679123.2,179922288.96,159179472
2076,119793340.8,89034111.36,135520905.6,170639248.32,68333976,157112930.88,188078025.6,124722866.88,232400102.4,202814755.2,118121068.8,136386720,134528713.92,182511722.88,150602448.96,111366835.2
2077,62209702.08,85280022.72,129830472,163276611.84,162632620.8,142740066.24,102887798.4,88275597.12,203261961.6,181090080,152977766.4,140373475.2,211227868.8,138292617.6,104805878.4,99017985.6
2078,74487911.04,104339102.4,104983257.6,172467446.4,149938732.8,91761301.44,159015657.6,101045603.52,169033737.6,227274336,98717287.68,88613490.24,78457507.2,162005788.8,177845414.4,140596128
2079,87768083.52,87524737.92,125044214.4,200356848,107310588.48,105691305.6,109952052.48,188752464,212340407.04,132591081.6,222742742.4,114407856,90525401.28,95889752.64,167390582.4,113177537.28
2080,89154362.88,93234144.96,113549480.64,247994438.4,187767849.6,140507913.6,157386585.6,155360332.8,118363766.4,149018097.6,129041873.28,138257452.8,89458344,102703576.32,114553768.32,73822224.96
2081,136008979.2,64415036.16,138646512,138261427.2,73433882.88,99193204.8,135306529.92,147898967.04,144331467.84,198765273.6,146387865.6,115425907.2,76465944,113306852.16,119172651.84,105563407.68
2082,113950126.08,129125767.68,112363718.4,174001478.4,98580689.28,63775771.2,90679020.48,70073933.76,155059056,359195126.4,223511529.6,81637130.88,140492698.56,113691522.24,128699107.2,121944528
2083,62944205.76,95786064,136798675.2,128616984,126310708.8,115147180.8,127003464,193731384.96,230718499.2,133026192,127533744,187143350.4,145622301.12,108706268.16,145754553.6,91588147.2
2084,35823634.56,107640334.08,88704002.88,233107027.2,158023872,100241064,109293235.2,133993820.16,303206976,181542902.4,147451536,96159744,107965880.64,130156130.88,81644604.48,127538565.12
2085,101070745.92,116757210.24,191296425.6,183574779.84,85933975.68,169902144,81920376,131220423.36,271321401.6,147814502.4,163857427.2,94613287.68,89091515.52,156603196.8,92655783.36,135477446.4
2086,129836623.68,39794215.68,85183565.76,147928377.6,135405483.84,113503584.96,175675996.8,195160838.4,157206700.8,197774438.4,193369334.4,133945747.2,82923635.52,73844196.48,141990192,99942560.64
2087,100983317.76,47929181.76,109779684.48,137623285.44,91553379.84,156757075.2,112339405.44,177988501.44,210028550.4,241661577.6,192250454.4,90979977.6,190108512,76694316.48,175007520,77396281.92
2088,127773953.28,131775526.08,124156886.4,200186726.4,104307678.72,103968403.2,78808697.2800001,219626346.24,276197212.8,229125024,168549552,139411756.8,96354282.24,99305326.08,129543667.2,139933180.8
2089,79484604.48,152359056,218366064,245085091.2,95683325.76,85275417.6,135530841.6,157897321.92,294802502.4,226013328,121610082.24,109980097.92,117997430.4,84371379.84,96525371.52,88506172.8
2090,36615663.36,92220249.6,90575184.96,152908983.36,90753419.52,101437548.48,126357580.8,149272588.8,129696742.08,174025756.8,152672256,117403516.8,140640192,72273496.32,166301596.8,140640969.6
2091,122622396.48,165415046.4,148469241.6,219544732.8,135214531.2,78787028.16,136023840,103371180.48,86959707.84,236172326.4,232343078.4,136287187.2,84317440.32,154751014.08,99947442.24,85681056.96
2092,174650342.4,114587516.16,100818691.2,130078180.8,116634600,146301379.2,144979372.8,211199529.6,146641129.92,132460047.36,98566061.76,117927256.32,128576505.6,81714899.52,122400192.96,129887539.2
2093,108794586.24,77917515.84,155897049.6,242752464,192517948.8,131226912,144327130.56,190384300.8,210929788.8,191649888,207796320,126580795.2,92437606.08,193789238.4,120699840.96,96511789.44
2094,96841353.6,128816904.96,93876382.08,119713196.16,151619325.12,108631506.24,163594684.8,161553286.08,263259849.6,103789468.8,217243728,123059088,88454799.36,110829081.6,87998728.32,90554526.72
2095,90777473.28,141867702.72,138445977.6,170634479.04,86141819.52,175202784,168400944,99446883.84,115525526.4,193474992.96,133861377.6,137344636.8,105163444.8,131469886.08,90470926.08,109059168.96
2096,66008839.68,96086640.96,130824288,177081232.32,136974585.6,130382784,152741998.08,105612871.68,373312627.2,259057958.4,126525974.4,151700083.2,101401554.24,181575302.4,94310447.04,70589136.96
2097,156805372.8,100434176.64,148221446.4,177247872,112900728.96,96882289.92,154053532.8,99045201.6,270675993.6,140499420.48,183680179.2,197715600,59432572.8,139964976,142359647.04,145811854.08
2098,96165645.12,125518913.28,108647524.8,144097263.36,38917316.16,141284304,135278640,248366304,257793408,225039340.8,187235107.2,137120428.8,111681236.16,101377638.72,177098918.4,125861558.4
2099,102440894.4,104296429.44,104189474.88,124918320.96,117868798.08,83439478.08,159252307.2,204790878.72,132223363.2,129490790.4,152376163.2,129581510.4,136972425.6,129722895.36,150923433.6,195955113.6
2100,40356956.16,195687360,144366969.6,375841468.8,125378539.2,114646579.2,166205952,281571638.4,255222144,211089801.6,266258793.6,105282771.84,132925190.4,108730296,95228066.88,211487932.8
