"Date","ACCESS1_0","ACCESS1.3","CanESM2","CNRM","GFDLCM3","GFDLM2G","GFDLM2M","INMCM","IPSL_CM5A_LR","IPSL_CM5A_MR","IPSL_CM5B_LR","MIROC","MIROC5","MPI_LR","MPI_MR","MRI"
1967,413109849.6,468502444.8,406881532.8,377250480,353152828.8,307009379.52,319579084.8,281885875.2,397478620.8,361273046.4,394087939.2,314205436.8,483498633.6,290277302.4,363882672,397241193.6
1968,404592537.6,397033056,451346774.4,350597116.8,340048022.4,347358585.6,324612230.4,252267868.8,350536723.2,388466064,396974044.8,405592099.2,349110950.4,400686307.2,340270070.4,354175545.6
1969,482590915.2,524448864,429166771.2,245577484.8,394134854.4,391977014.4,327392668.8,276976972.8,425037801.6,420266880,346458729.6,341587497.6,354046291.2,375506064,282698294.4,433382227.2
1970,515188166.4,436702060.8,356477068.8,363257481.6,272839795.2,305854963.2,506547129.6,322951648.32,340333660.8,459129772.8,349639545.6,329173113.6,359013081.6,289385136,383324227.2,429633676.8
1971,526923360,311581296,445951440,332723808,360406195.2,408947097.6,455506675.2,256350268.8,430791004.8,493880544,395911238.4,334435564.8,325428019.2,389519280,330177168,409890931.2
1972,373280572.8,526390531.2,429402211.2,419750812.8,347187168,447604531.2,442387699.2,350247110.4,338750899.2,500233449.6,399067862.4,345761136,409009305.6,409443724.8,362171692.8,374875171.2
1973,362549692.8,447492902.4,471071980.8,354449174.4,411826550.4,427738924.8,453109766.4,315753638.4,513027475.2,475416950.4,518996505.6,453476966.4,388251532.8,307927180.8,322371705.6,286630790.4
1974,463372617.6,455222592,533488118.4,304335532.8,351226886.4,530076614.4,427075632,304366377.6,315325440,409783536,308450332.8,446690332.8,418775788.8,331554556.8,470370326.4,484546924.8
1975,502860355.2,526249353.6,389153289.6,376239340.8,379347494.4,468087638.4,313682630.4,261325094.4,438453475.2,343496073.6,292009389.12,302565715.2,428390208,358921238.4,466296912,320689152
1976,466498828.8,352640044.8,520273756.8,359834572.8,292257244.8,350543980.8,367520630.4,254912313.6,332811072,366719875.2,355909161.6,399823084.8,405635731.2,287867260.8,362848464,358698672
1977,418050028.8,489642710.4,448767388.8,511972185.6,363825734.4,484977456,346309344,296656992,412149513.6,295301203.2,358632489.6,390810528,428405932.8,365429491.2,243958780.8,434109542.4
1978,552645417.6,468931420.8,476995305.6,412580304,380408227.2,427736160,404358652.8,337005014.4,394785705.6,358033996.8,362770876.8,446084236.8,458772940.8,338552956.8,252253872,547833542.4
1979,474676934.4,379810512,501744672,451601222.4,342241113.6,607190169.6,313888953.6,245748124.8,475942435.2,458004585.6,313734038.4,434689200,379662336,405020044.8,356436720,452445350.4
1980,532741708.8,476255808,561540729.6,321261811.2,482830502.4,343978876.8,317734185.6,279169977.6,397522425.6,380939932.8,420055891.2,405795225.6,403596172.8,355471804.8,400102675.2,296989632
1981,368698176,445678416,441296380.8,490340649.6,410466787.2,406858118.4,299750716.8,273556828.8,414317635.2,392829004.8,388744790.4,440186572.8,423396288,328365619.2,269390793.6,380856816
1982,452124633.6,544361385.6,434032560,371054131.2,355260816,287257708.8,324988243.2,310431225.6,327034713.6,396894038.4,429381907.2,386999942.4,377775619.2,302128963.2,333053251.2,410913907.2
1983,501045091.2,382226947.2,473504486.4,302296060.8,406669680,307857110.4,544168886.4,271023753.6,309039753.6,454323427.2,363507350.4,328293734.4,444892608,266807865.6,416416032,324746755.2
1984,391200019.2,407695610.88,575818156.8,481438425.6,394441488,487384473.6,451290441.6,270973175.04,411983971.2,409553798.4,452980512,374281948.8,410522342.4,392709859.2,315057686.4,380157321.6
1985,397255104,514907452.8,560694700.8,327798144,375293347.2,277323782.4,241430112,210031228.8,388691568,343818259.2,348605164.8,419079139.2,380526422.4,285206486.4,453469104,487692144
1986,454855046.4,397184515.2,471211430.4,288158947.2,301126377.6,354623529.6,483306652.8,433041033.6,319921488,373310899.2,309423456,391490064,524284704,358058361.6,401453539.2,392302310.4
1987,404083641.6,464489683.2,460813276.8,472981248,329288112,371365603.2,438370185.6,235253548.8,462384892.8,417255148.8,361075276.8,478183132.8,509885539.2,339352329.6,290617459.2,428224233.6
1988,462227385.6,398827152,441564480,353745100.8,407489788.8,471721276.8,315526492.8,327597350.4,436045507.2,371652105.6,385868361.6,391938307.2,383414947.2,340792358.4,357617462.4,339957388.8
1989,429057907.2,539609990.4,471815366.4,337681872,390739161.6,449433964.8,373752230.4,273322598.4,330118243.2,439573824,392195520,465797260.8,536350464,418298860.8,391019097.6,445434163.2
1990,458791171.2,427443609.6,428228812.8,395831318.4,320177750.4,366252969.6,455349168,245226355.2,307580025.6,353217628.8,362607235.2,560544969.6,427562496,404512272,399317385.6,453821702.4
1991,368782761.6,357355238.4,569265408,375164006.4,403103520,373399891.2,376754630.4,312060470.4,405748396.8,364379126.4,371469369.6,368854214.4,452822140.8,316806508.8,401888044.8,473651884.8
1992,410949417.6,429948604.8,466137158.4,252656236.8,344451052.8,431580441.6,397926086.4,405699494.4,478648224,535529404.8,329119649.28,461464300.8,501489187.2,293701680,388300089.6,519000048
1993,418516675.2,621152236.799999,432094348.8,407258323.2,416375424,431412048,352273363.2,321571987.2,482939280,409588012.8,513703209.6,525927686.4,402449731.2,350937792,337243910.4,476820518.4
1994,467703504,514991001.6,492430320,295077945.6,336209184,321406876.8,429967180.8,177743298.24,384885216,474414537.6,357939993.6,474926976,462620246.4,334828252.8,362462342.4,500538009.6
1995,438926083.2,388442131.2,566336361.6,330012144,334676361.6,383751993.6,457621574.4,216018489.6,470485843.2,357337699.2,446820969.6,442184313.6,392680828.8,388169539.2,324874972.8,371964268.8
1996,547733491.2,543762460.8,561039868.8,353642630.4,405718243.2,322361164.8,395441913.6,347243500.8,526396579.2,473654390.4,323801884.8,453040473.6,414690451.2,290029334.4,360625392,402514358.4
1997,439846329.6,691837113.6,562291977.6,399223036.8,387268473.6,312834787.2,409963766.4,375999494.4,431715830.4,414959587.2,372636806.4,599086800,419671756.8,377353036.8,349717651.2,456124694.4
1998,429322291.2,511754371.2,438440774.4,346651574.4,423616348.8,528144364.8,485268883.2,237080476.8,450526579.2,377458531.2,384295708.8,563992848,453665923.2,445923100.8,384018883.2,472569379.2
1999,510364281.6,500824944,445699411.2,336624595.2,377648006.4,419710723.2,347670748.8,233696448,409576780.8,409405708.8,469880956.8,446279587.2,448222377.6,370424361.6,385235827.2,343831219.2
2000,631015488,658621670.4,576528364.8,285716419.2,376861420.8,423955123.2,401039424,307087804.8,400663411.2,460047686.4,367125782.4,479773324.8,482302425.6,384092668.8,251976441.6,463851187.2
2001,456274944,463778870.4,484570080,375475392,375222931.2,455641372.8,404285644.8,299116627.2,381202070.4,534129120,430654665.6,476731699.2,416935382.4,376588310.4,448247606.4,466138454.4
2002,662073004.8,504509904,558241891.2,321059808,424159113.6,438167404.8,542571004.8,354953145.6,536100076.8,430275888,426621686.4,432177552,514763078.4,372039609.6,394821820.8,383684256
2003,476698608,498871440,534347280,373298630.4,382337625.6,335186640,369939139.2,356486313.6,562431427.2,382345660.8,483606288,565365744,474718233.6,461122243.2,447505084.8,331092748.8
2004,579562473.6,695945520,457865049.6,444432355.2,367534540.8,476123788.8,414966499.2,238403675.52,524064643.2,411824563.2,417474950.4,330470323.2,476637609.6,435048451.2,422502220.8,269674876.8
2005,546639667.2,538287984,448776028.8,391181097.6,379969228.8,335796624,381342211.2,240345705.6,470026800,381089750.4,474526512,402802070.4,470996640,383642438.4,394273440,477301420.8
