"Date","Debits_Sd"
1967,2.76698381345178
1968,1.21662567930755
1969,1.04103950430296
1970,1.45412691363411
1971,1.07365384218283
1972,0.99395818025201
1973,1.57756839286203
1974,1.77267585708256
1975,2.08161847232858
1976,0.849441281336269
1977,2.42148212968205
1978,3.12918227660694
1979,2.47916007228255
1980,2.80958224386561
1981,0.819546560318928
1982,1.74795322702444
1983,2.33712703396903
1984,1.55601615768163
1985,1.32457970812717
1986,0.880017812996425
1987,0.743504616587141
1988,2.21612310518805
1989,2.35748882063881
1990,6.23651074155558
1991,1.70863471938296
1992,0.683601303441864
1993,3.78165044655919
1994,2.39686606650336
1995,3.73539333979252
1996,1.68354366766764
1997,2.3345414018368
1998,1.95848944316213
1999,2.1719287872037
2000,1.90831563832105
2001,2.97205159239227
2002,1.15929105187505
2003,3.94586518146744
2004,3.22656161036705
2005,0.621854138403403
2006,1.14073297634716
2007,1.72565469889842
2008,1.35086544514901
2009,0.850738466908252
2010,1.65069603709205
2011,1.38354537486654
2012,1.00255008444042
2013,1.6363776817588
2014,1.46744139729093
2015,1.7682106665778
2016,2.23020813486549
2017,1.1613786950166
2018,4.03095072984921
