"Date","ACCESS1_0","ACCESS1.3","CanESM2","CNRM","GFDLCM3","GFDLM2G","GFDLM2M","INMCM","IPSL_CM5A_LR","IPSL_CM5A_MR","IPSL_CM5B_LR","MIROC","MIROC5","MPI_LR","MPI_MR","MRI"
2009,2200793.29651033,3544268.7666472,1788751.65200335,2074370.02353934,2002109.18869709,1873714.067314,2209463.76571385,1343501.63786707,1351384.64925816,1918042.29648317,1577754.5820151,2096426.77851004,2249838.11010569,1942040.30031267,1506388.95556245,1721070.25056099
2010,2636757.5005116,3270924.88498904,2686877.27824276,2527586.85442941,1743264.10030193,2166782.16198754,2300158.90295579,1354302.24432765,1527831.60836355,1389016.11663546,1452027.72892633,1690441.22561292,2215725.71518489,2036460.17896625,1392097.24571515,1159306.88741355
2011,2142102.44115095,2790209.12598926,2446426.6834882,1627662.52845897,2321591.10869514,3317340.56327016,1527063.32873087,1123520.93671709,1428235.97273474,1734200.74218848,1864748.66033752,2022081.27976954,2150623.45375112,2100867.48738945,1840929.16616519,1815356.1814481
2012,1962534.46856927,2888650.52676789,2165991.91869309,1998895.24133242,1901412.04027714,1550927.14803454,1431039.02205957,1437951.37352401,1898042.76088465,1605593.84830038,1074746.9205564,2777336.03801461,2264825.20577616,1461775.18633699,1541919.37777384,2044437.6400547
2013,2720577.08168477,2282063.95342242,1919602.72388541,1648942.56285757,1839781.57832056,1649676.74051397,2781133.0478233,1804089.98803661,2354185.91558593,2247592.36960701,1509271.4496319,1772808.03337221,1925460.28065642,1783296.50391058,1713797.64450436,1504571.5032253
2014,1953080.3805354,2679146.35524536,4483276.24069179,1867244.44029229,1656793.67012193,2149726.87539291,1575662.05701385,923285.691138934,1469030.43385187,1321683.05778411,1457021.34444597,1829207.30074735,2472106.42906651,1648806.35788701,1679195.25400711,2060222.06113239
2015,2099885.88780478,3123461.15165981,1920331.01415985,2101279.72193638,1914579.94518213,2195305.4125833,1954417.0961817,1617567.09607545,1657287.87391611,1424010.63596287,1513873.50978776,2432897.01355423,2303111.91594037,1955206.97116551,2102132.99356782,2512892.104936
2016,2154401.96283458,3038572.27978682,2256467.39897713,2084955.09181923,1451088.57608481,2100492.86243111,2086178.27954723,891564.438766504,1711538.17586637,1352019.78929284,1769920.16971459,1613217.41647942,1949091.3694705,1560930.77168844,2143060.08396751,1921010.29372058
2017,2585506.13706551,2558524.10761553,1861642.68343865,1904694.03457329,2024195.3447239,2065031.88148418,2586192.22774801,1423190.53915258,1679798.8287505,1374969.47659434,1244753.53021052,2644493.67902626,1975184.62525984,1731430.2077776,1789595.86761701,1699368.17211369
2018,1848136.04664024,3682964.12881204,1718446.91875771,1930393.42265531,1611337.53317334,1677713.80983151,1410247.29830771,886471.198692454,2075521.49656773,1700659.59497228,1386895.69826054,1921621.77238011,1590906.83154273,1791490.40276486,1542463.26394296,1336211.30641938
2019,2018701.27906702,2591673.24170213,2126793.74693392,1690754.72085051,1909496.87830747,1904474.94522559,2034801.99363996,1068752.02277019,1522776.79139684,1850885.84501529,1715171.63937985,1897113.47779919,2197168.73836241,1614920.54843281,1965879.83594819,1813779.29011493
2020,1992418.59534575,2862904.883421,2473139.55947907,2012038.51227516,1558446.21649221,1488143.56283586,2173031.06519568,1265074.53909934,1471166.57539846,1522015.06085353,1625087.84428809,2129449.97706478,1757603.4067761,1588941.67378056,2102742.3285419,2077029.32799585
2021,2869493.19045565,2104530.1048119,2353607.92884129,2170391.95194625,2003262.19614667,2101830.24453008,2257240.80211337,1279097.95805904,1886850.10658138,1793478.49956042,1678460.93537465,2078246.72085423,2224900.74610754,2164076.7360827,1759493.97336184,1585525.54592974
2022,1919233.90430936,2421040.00114311,1588594.51876362,1803974.80362011,1945403.39837196,1585119.03757313,2008514.64967549,1181684.82045987,1601890.36124548,2125561.23542489,1669474.89910929,1733649.94692658,2119067.80319475,2053075.81938472,1706939.63735732,1965551.34855046
2023,2306497.74716737,2681907.75517305,2551008.60260303,2171829.78933449,1645078.35051009,1559414.51222945,1502538.66674878,2014130.91055087,1471273.70732208,1731350.16562955,1175876.12398151,1647628.4580959,2151975.89540306,1672588.37136811,2010176.70530376,2030151.52141308
2024,2135320.79352481,2819150.83910185,1982839.38758288,2739068.18869804,1779255.57025125,2066286.79831841,1750337.56015382,1111758.22584293,1770209.25979137,1959602.38677726,1302754.70730667,1875504.71764375,1906649.64123525,1946101.53071252,1719749.52781642,1134629.43641779
2025,2164495.30173637,3085874.34878656,1559007.58141625,1806479.57285582,1742872.36682619,1711894.91676003,2727371.02679124,965794.97715357,1308983.64951611,1889059.89484612,1480097.61540126,1637903.57224914,2164541.06481374,1164409.78135391,1261845.38592897,1979175.49187044
2026,2156329.70099069,2342851.07529038,2008691.76889555,2518388.47779733,1760983.0099004,1524344.57622932,2015301.90563099,2292744.38613858,1437105.57077799,1780199.46676406,1810751.56372,1817240.43090584,2091461.9745012,1971217.91207438,1694875.77631347,2049647.05383201
2027,2233898.61501294,3218536.53984293,1452322.67449568,1645847.63590664,1696389.55366533,2512589.69239397,1682401.42470403,1383137.00769922,1319505.05091148,1624699.80245602,2139367.86315632,2470260.41065212,1958818.13175427,1894655.35554791,1946175.62954659,2585417.10404147
2028,2186430.88937408,1886258.50899866,1791903.25439589,2147045.98522514,1677029.47845324,1895032.12889128,1691848.6464742,1597251.63982275,1604783.012192,2118626.75395472,1107827.36158908,1620091.27292509,2025353.11383647,1595287.8049261,1714264.64446702,1882441.0754433
2029,1962514.10524592,2330115.56397309,1694729.18984738,2035207.97553663,1884359.93488067,2028538.66307899,1455034.14211722,1046487.77525119,1521587.74701692,1308871.90054558,1124070.12266869,1556914.818913,1711209.70575082,1563315.59477678,1317261.11660594,1456231.66880671
2030,1803852.81656203,2088459.4050262,1520444.06185965,2307062.59493481,2596220.36000349,1143802.48949051,2356444.52501237,1767900.70987722,1278473.28121379,1867910.4403847,1452739.65232111,1582098.59010445,2138233.33679132,1700555.94843066,1601142.45178568,1687007.93262692
2031,2611869.98914298,2217253.8911251,1962472.00156534,1833791.53367605,1784668.05195028,2214076.7097395,2292163.04196495,1453897.98242676,1870515.98313587,1413239.00144494,1640687.33610931,1795952.35565804,1985979.20994497,2018561.53529196,1487727.96600234,1673638.36867589
2032,1933017.27802931,2370307.42158951,2110283.36547498,1781878.9946723,1688736.6156427,1828015.71205673,1924682.26180395,1850524.50740916,1451481.50833688,1965778.73021202,1397563.49247958,2694453.03610334,1807046.44814759,1600665.83670118,1388847.92194338,1845508.91020926
2033,2163502.98853002,2680718.51515831,1539673.1779196,1745120.74805844,1786197.97819781,1812164.16410759,1428754.27966703,1409967.7372381,1221148.26417699,2211265.25628901,1754882.35512654,1759387.70001887,1279178.91258416,2817217.13944995,2002217.57341777,1335670.76070425
2034,2210413.78075141,2409564.313303,2217293.63084109,2004715.07107592,1763535.46468034,1979869.03555061,1996853.68471739,1019397.36510141,1351318.2235415,1379896.6813138,1483058.05993669,1905923.10819591,2057220.58579815,2257456.52293556,1314762.34181807,1508593.75147684
2035,2623068.19446825,2452018.0879521,2459849.59874291,1622355.43855205,1539966.21973802,2103611.43405906,1323831.74495251,1338299.12277852,1502342.98412571,1600276.22443313,1511853.71504434,1594525.7697176,1810430.09045785,920469.057382812,1403656.83233175,1724891.63560639
2036,1827557.2131636,2806268.14522342,1572001.89726081,1723717.05369025,1664455.7296909,1548457.33024895,1968872.3662932,1046119.33602142,2201530.50156266,1444608.57259157,1883255.87121521,1534032.06440082,1702087.20136208,2283750.53450374,1250290.06504711,1484574.01190332
2037,2307737.58579402,2366905.57069481,2097941.7231007,2438876.93470275,1833420.16030414,1277887.24383564,2198014.45541021,1003926.15405532,1625931.07320301,1484329.65947306,1423473.09748061,1693172.93903621,1640082.81361561,1657477.39909054,1881286.84690772,1524003.68080073
2038,2048436.67576283,1929739.96739506,2097459.68753272,1874369.15330406,1798425.11493492,1560598.94525464,1575691.33140067,842104.613144227,1563277.72316105,1503863.20373146,1838674.04903858,1613880.70785912,1915859.41483764,1160739.42073514,1400358.99687586,1563663.11137349
2039,1994891.3338893,2086712.57834386,1169688.64066527,1974874.36888663,1546358.24701716,1980929.88547671,1474327.17686176,2920229.75136049,1606545.46244256,1724735.04597078,1234827.49642922,1555663.37341713,1585940.7069206,1645317.38198472,1829554.12204565,2418929.89932372
2040,1965585.58410089,1990523.76898404,1383279.5664191,1710293.16142059,1879692.1223506,2882119.79499302,1298941.70597154,1570720.6190577,1418140.92129023,1739468.93573737,1281712.47520666,1869912.52022499,1996393.7972519,1550867.73855909,1429178.51506454,1300023.47105407
2041,1922358.14238762,2014817.7788674,2208154.46718182,1849806.21121017,1987863.42113059,1909605.34845094,2001855.3271344,1191859.82655783,1522307.07202102,1493487.7103651,1127974.67088636,1669511.86747452,1567610.78326165,1859384.00848039,1540325.34064928,1737350.34304321
2042,1955489.73872932,2958846.81789522,1636870.10843062,1593737.57827493,1728770.86148163,1426606.90818945,1610854.72620615,1689143.00431587,1846739.34014525,2031497.97982081,1266388.85712903,1388820.26572501,1448041.8717159,1650752.35231801,1782754.67513664,1231202.25005015
2043,1813978.43152038,2813536.679218,1687683.12267974,1333066.99771172,1823217.27680874,2035018.22483927,1462960.90635505,1253853.76349982,1143060.91144519,1453639.75091548,1323753.55674586,2685603.05468523,1956422.04669088,1446188.72722754,1188155.76588779,1672338.91118173
2044,1529141.08978765,3290844.87253568,1640155.47629152,1565191.64265858,1732089.53145163,1781220.31309392,1809062.3901252,1302290.1175113,1703266.00114787,1503727.60245532,2293948.97634654,1757612.55448765,1757091.97840165,2379373.07118547,1110775.34767529,2023216.93650233
2045,2742894.76977776,2284247.44645597,1414857.42661733,1938661.45452666,1550743.63015408,1315584.17095564,1309650.37018516,1009878.59200883,1477265.48854752,1440427.77149292,1501760.69272954,1588695.88387631,1391362.1045741,1265681.12758887,1444807.78557553,1413017.78437836
2046,2182019.37227563,3234734.75866585,2098458.06923259,1763898.13498969,1601812.09008647,2685594.74136782,1549236.72944682,1311698.39989181,1368932.94571831,1270761.10592479,1255614.04941562,1591421.55066621,1204382.36035574,1515911.91328943,1572471.18179147,1655644.03089017
2047,1976463.10706325,2547665.78016328,1500545.77085042,2334690.05953819,1418527.15768535,1714330.32675823,2037477.28686076,1586941.58776516,1197760.21585372,1949418.9550046,1159035.68435932,2098205.66697963,2202455.51459479,1857149.63353789,1392088.56505557,1880644.66815365
2048,1833351.90434792,2172048.0188258,1285855.5992678,1491908.85143783,1591554.00433854,1270641.61231868,2003903.9326387,1328471.59005265,1376233.38486783,1948170.19880473,1164286.75570465,2176697.84083433,2080711.32899515,1677319.68663805,1826118.92347181,1502074.17434824
2049,2568516.7609807,2643583.12455598,2276939.72207477,1259707.58321164,1586242.33652602,1874601.71776676,1978879.61416583,1262799.11364488,1708641.17759888,1534154.26781139,1309603.14161323,1574003.92639306,1995428.29165578,1877820.98886487,1428533.30668,1585685.0399478
2050,1797699.30490965,1600267.85180353,2055558.81726613,1582035.03393453,1338209.07279198,1941758.93270799,1707849.20500655,1277772.693794,1775652.06170636,1438206.93872807,1778019.33699237,2406804.57207476,1512836.2429222,1212339.81314665,1921432.40906055,1278645.28447937
2051,1393052.75841982,2689639.44999592,2375166.9413635,2011594.86934789,1374135.42380561,1583281.70900186,1765313.41714305,1394888.79750682,1654243.10932577,1213380.01905754,1106963.34176488,1705934.80478409,1730870.13021913,1285246.57757218,863595.153722395,1332846.10179505
2052,1549340.51060427,2305079.20124095,4198100.53786484,1732467.83891178,1565734.96870962,1010093.27312688,1564935.06558984,1448968.86170651,1367461.10887206,1620615.8147201,1054758.88410188,1515246.60395376,1798292.19120401,2241958.40378231,1642699.43664686,1285177.6750838
2053,1406173.00436328,2024074.92768112,1636178.9910396,1879046.76348012,1476984.67767666,2051897.44374533,1908383.08375946,1277134.23106955,1374938.51872868,1263247.43299298,1064227.63433528,2484718.22936043,2144640.97436626,1433037.80894589,1069731.56552103,1748541.57177556
2054,1621789.62129683,1771443.06767052,1948763.32872783,1546467.59111687,2198502.42361449,1986202.53729913,1443193.20223754,1480056.86805659,992817.359849503,1326443.36936613,1342826.88831509,1512298.25738329,1326612.49374785,1213810.42460059,1454844.25694347,1899218.40571526
2055,2485938.78681512,1825863.79613596,1544453.96836953,2888777.00577953,1467432.69417489,1516693.93462506,1559563.06516164,1384706.80814494,1598981.87772117,1780757.14473075,1884342.17138549,1714848.83918335,1801771.84330347,1403608.63173151,1586648.28167865,1526661.01499737
2056,2837499.69931309,2465317.80419967,1543856.11121636,1612126.85434982,1369361.9044655,909498.889120245,1609406.29299672,1062556.6706368,1720048.96855552,1185642.94828074,1579744.57615553,1787901.97416807,1395002.16812357,1202766.0774384,2221655.46776343,1711475.72472106
2057,1934723.29470525,2358314.71455593,1477703.19973047,2621852.09396495,1631621.24606303,1041160.20698839,1616646.7833803,1887024.5014365,1505682.15213633,1564366.68485364,1883249.90838422,1928344.17615878,1230535.99133657,2223099.7560311,1619311.91816791,1419748.4268989
2058,1833060.14587906,2376585.45193258,1731387.94861151,1523355.90455869,1197527.98637047,1724756.77390016,1597739.7865017,660850.557993251,1109168.23260427,1101329.93090481,976245.76462752,1633914.73415941,1410022.06265336,991243.251435776,1366029.70922655,1330721.1324062
2059,2169732.0299106,2658851.03500548,1538776.84146296,2010058.99060143,1313456.3290322,1662537.3741899,2533003.10281245,810103.904248381,1297082.18184843,1420261.62248242,1171740.89666018,1313929.20981044,1758991.14905771,2193048.3043662,1891142.15340368,1226939.92512425
2060,1585504.00746815,2241401.57337752,1553379.36668563,1639999.28743231,1434299.10811347,1419405.74063888,1415479.88074293,969138.994214183,1121552.98197608,987550.105579767,1102166.0146377,2241492.46022063,1710746.93198031,1496658.85261168,2695324.08249704,1285933.04611591
2061,1767984.57234695,1567085.90351478,1122770.88427067,1066406.85519315,1356188.62007459,1265686.30876494,1546796.11670755,963095.363107217,1103503.85298657,1083688.89557778,1073634.68998195,1863054.25798097,1840304.3509626,1554914.06373847,990370.540502041,1375294.05264416
2062,2130055.68464813,2173938.97346393,1770884.19418548,1412681.70799148,1530463.19325397,1921615.39235692,1689922.82781811,1024632.47119714,1273654.49101909,1162784.0546963,1252908.47192679,1669215.2787766,2024457.10270287,1248464.49738039,1351314.43623228,1076717.56798087
2063,1731331.8993507,2261627.70048514,1450020.80928326,1379581.61510383,1392249.10284771,2205179.76676217,1691905.12038027,892775.594069536,1240575.50471481,1579807.60471602,1017066.5977474,2346015.67913191,1262578.56918245,1605357.06709441,1302005.23434678,1827123.18484629
2064,2507878.39023991,1904630.97209346,2714059.87926939,1326443.11255653,1330353.01826447,1377521.57925002,1125915.45093547,1294758.6220855,1033373.7726408,1298146.24749699,1414256.7484544,2317377.1170011,1486184.31283365,1661647.15085069,1474938.32385312,1036667.87850981
2065,1509854.74804474,2276889.31298794,2938741.80041388,1758411.48573736,1766664.90438067,1232452.57637088,1660633.18971016,1191850.20496138,1230394.20620251,1663882.21391718,1056809.82722929,1445118.59040258,1958112.60767873,1222704.38862793,3327996.39895456,1725165.86667525
2066,2291226.93978476,2978021.90209538,1276754.0353911,1031153.35846068,1454459.07490277,1397591.92583395,2072004.49076939,1161542.21145638,1438271.47761286,1644391.24859944,1049720.09813814,1305102.08260756,1298991.42606977,1301601.8605265,1307107.25174829,1424193.15755318
2067,1449809.25813399,2596318.09520597,1320877.6196872,1930827.55717687,1722062.99145382,1157992.12664695,787257.042099289,1382638.79403667,1314441.06213806,1498266.05569288,1127871.60388251,1468957.65868936,1053827.25844088,1498351.15734053,1357778.72260037,2257485.7278941
2068,1617432.30393428,2512865.70631625,1612325.59067265,1945227.46352791,1374948.03407778,1552164.43860697,1478068.47987593,893927.239496003,1408144.51101892,1299238.60815867,1769701.81634597,1685519.09843064,1780770.18723281,1606687.57031333,1378854.57150067,1586994.04346805
2069,1712511.92018218,2746699.73226045,1778383.88596213,1565633.7255858,1466859.62071429,1560882.15277903,1160015.12819246,1000486.44263485,1626870.11270997,1365184.10365996,1228454.0362978,1241619.02009267,1353564.30171982,1483498.16410634,1031717.44422068,1094541.34420263
2070,1148410.59446724,2180549.5330834,1594330.62600819,858764.467506477,1251394.37225847,1389118.51655371,1651445.36773898,1434208.18143026,1362428.1522144,1134125.74785768,1281993.44838119,1511629.04028133,1481154.24288088,2161987.59876447,848316.336788819,1575432.67405183
2071,2103660.08459746,2300359.71366133,1564011.58070163,1115633.03336095,1307968.80632688,1972415.74231096,1358964.44837149,950479.712177207,1086536.89128441,1277166.73809792,1220702.62868476,1621747.41711775,1908574.00720051,954950.876455766,1203920.50497649,1375885.27286475
2072,1579334.05808357,1349270.63013569,1426472.53429452,1639790.10757195,1222242.47271791,667487.441341624,1860211.28036552,780090.705516124,1181756.73578793,1318208.44984503,820653.541131951,1890253.83597145,1512016.00290759,1448640.8077461,1129738.11801872,1804287.23709304
2073,1926921.75976454,1558606.54903455,2136217.3670953,1896561.68873481,1472180.60191968,1474043.2780887,1157772.78962195,1016338.99323347,1559928.67992837,2172558.84807508,1294100.81508311,1876530.75835439,1232302.26907298,1512734.99843167,1481361.16415487,1210858.94889747
2074,2158981.27802021,2675485.63779551,2241631.39314571,1269252.88298833,1906685.83307542,1273780.89438396,1482209.4798966,1975187.32282104,1468611.75512002,1718820.71117679,1008657.92541917,1580616.48973572,1362425.2539611,1273237.96599366,1148527.93428491,1394282.49212979
2075,1610186.60105817,1653472.61905661,1271643.70606778,1204417.44661346,1625458.61043241,1180202.79972008,1351860.71331622,1280383.03200278,1048725.61224009,1350990.79815425,1150585.69555172,1860449.66503012,1586838.44579003,1228877.4056859,1407582.08875329,1700484.15281827
2076,1101466.39438802,2124893.2470873,1572272.88569822,1662392.87590346,1360240.01543011,1319776.57237201,1968366.359445,1602671.15948638,1623416.38912801,2250477.70788318,1324982.30576732,1259434.36309235,1243463.87558214,1670167.6403471,903155.27160261,1369539.11532763
2077,1848003.08457711,1833456.03005664,1163033.73144456,1629566.80363951,1436929.4826431,1477335.46174128,1758326.88906428,1181386.62496095,1056373.1055813,1146336.99320783,2020217.90748725,1419567.62436859,2120132.56685613,1032352.43695091,1110148.84954936,1277520.91737718
2078,1784241.55222112,2088775.66601862,2124494.0732303,1795628.13042469,1033976.00914314,1705139.59806436,1640031.61556811,1367850.56586659,1273984.41817726,995135.281200014,1152766.57297103,1237179.57461216,1730854.50788642,1102018.08490032,1384958.47440199,1095805.55715093
2079,1553916.22453133,3899668.96155318,1632811.01713192,1055779.16568185,1762849.46470533,1063267.20712496,1294201.71752715,1299089.37213394,1448943.46854515,1169824.12863777,1192740.56789687,1486760.51567554,1198414.00015503,1564881.16118444,1488455.09005529,1686716.21860708
2080,1628956.66224255,1811122.28055763,1714092.0821995,1291518.73131749,1767046.59368881,1748292.41212463,1355736.56797361,1916838.49644286,1813167.59941453,1590384.51039866,1444776.84114942,1155108.40407959,1563768.36286875,1599196.25984248,1249150.33132929,1172389.48078253
2081,1691799.16695163,1479952.70632169,1480833.98531518,1608843.03110641,1185800.43511292,1696680.51900709,1202898.67390779,617900.739864976,897028.542648279,1876442.26874591,1124517.66107503,1394740.17620798,1303220.20529549,1177920.20446109,928380.737203638,804569.782342024
2082,1931326.81425531,1421819.51576146,1963807.43696659,1496852.98793768,1140466.54048297,1726471.21510153,1891209.4238002,1102932.65078566,1238204.15532692,895028.547011406,1215265.54618377,1813114.81710839,1572937.05977877,1332822.31749599,978575.503722123,979161.584022317
2083,1870298.03178831,1874308.69556671,2886302.10002726,1406599.40612067,1433773.88819779,2039015.96234548,916323.280336561,1007624.01190289,867815.971984967,1557839.1863362,1544115.77276355,1171904.30333397,1730245.28969119,1413819.06632472,1928171.30827705,1636688.88906803
2084,1652256.39176201,1854506.8040564,1648662.5236877,1113337.3718939,1245139.4850971,716967.743820683,1441424.8280273,1115152.49885515,1379833.06288497,1384704.57315902,1358366.8354557,1706518.68088082,1991020.37495795,1824610.4741873,879471.269541035,1310523.12582551
2085,2168454.01072089,2608963.23956606,2127900.34721695,1282602.34305924,1149248.26386952,1055586.03390495,1993110.80027739,898154.356142508,1530277.66094614,1734464.263887,1437745.06442146,1675392.65240658,1591914.16941,1402055.23049705,1456438.78848534,1572707.01547038
2086,2018502.82707865,1530106.45445913,1433572.36931142,1110527.1187667,1244387.45691049,1062345.74500162,2059585.15520467,1130534.36975851,1227729.50133402,1272527.97670424,1471498.8579548,2269592.1149007,1445259.12782393,1685935.29811119,1256522.93040835,1372466.09104726
2087,1168684.82505568,2671354.48190366,1602727.76504177,1425243.15718872,1439186.50790801,1425618.05676403,823195.358156923,1347454.15197793,1363583.48659337,1728247.06666927,1187810.65241146,2047460.61871256,1076057.18891114,1582892.45393594,1489852.46048639,967882.621427908
2088,1597310.65977365,1273430.13207811,1555761.16348656,1267060.84672067,1133076.44733299,1315602.41629436,1578083.17197528,1611933.03321294,1811552.79367709,1101492.78897936,2007532.52294769,2805424.34471176,967092.219724622,996781.936875443,1222559.33985557,1330585.49518368
2089,2105506.42377932,1446247.19101232,1266951.27079725,2038234.06886261,1210193.78527374,1481825.65159749,1573054.45633301,1849490.88953524,1571223.20931084,1091071.5256182,1140220.82102857,1821845.65720685,1048871.38513609,1105133.46492357,905418.394215336,1354303.63710343
2090,2123612.98836282,1545732.59587847,1564139.57964998,1941608.72171291,1072166.9542795,1076929.0040378,1130681.3018763,834022.463829137,1534937.57751287,1325177.91881308,1774293.42437932,1732118.97360934,2038600.54230104,1866410.22986792,876373.301482759,1152421.10969486
2091,1728293.85028664,2231889.6214643,1750724.31425662,1270039.95530688,1051228.86572077,1163944.55074317,2505836.94946572,616003.618430209,1259242.5455403,1289982.23823941,902411.118318133,1994217.55983799,1178021.39674802,1479131.90959134,1141696.45126554,1352904.44122831
2092,1332508.89485601,2117247.31198816,1900233.50279521,1287682.46955267,1447915.56602496,1154207.22199644,1333992.82590735,698779.396919988,1440611.20573589,1203224.69548354,932082.602938589,1683717.8921756,1254945.59557855,1299090.62216466,1287722.74319993,1243896.7400538
2093,2342269.60084615,3305291.26144194,1260469.56794235,2065862.3739127,1296034.01574763,1351902.52694097,1637773.5370072,961506.119255806,1635141.93710848,1421572.83488448,1639801.50450885,1425420.91878127,1355028.15277886,1608810.64453507,1511083.74283373,1069943.1488955
2094,1801657.1329445,2408906.01603733,1413233.60041039,2968663.13239657,1131083.85420214,1648742.7974258,1973182.64696814,628545.209625115,1052403.27310974,1697246.16302274,1073103.76275671,1226912.35006892,1228964.22550582,1258455.02503911,964399.519080948,1925216.04408315
2095,1408588.74939407,2006900.65456854,1447326.15102952,1245977.54384685,1553717.28304436,1001623.01582184,1578856.51666928,1110492.44152858,1007668.4539357,1324364.64044293,1188547.86337343,1679073.93800933,882066.593190093,1254421.24703652,1361421.83248807,1002850.31822136
2096,1518784.24547798,3102500.85137145,1127107.77056453,1017775.0956963,1618395.14016033,1794630.40501765,1726387.81953236,893236.670471575,1133746.38815014,1130679.64321479,1054625.30972132,1430107.13762949,1083696.06609138,1241575.63746752,1855016.50275789,1156407.03543397
2097,1881032.39995278,2922963.25144689,1922767.46765161,1825020.27679252,1079742.02900566,1016791.23656791,1685066.20372899,993109.003638811,954655.936514718,1609353.45587488,1231347.3535331,1621641.29753741,1419619.15839209,1794753.07007546,1284228.92115748,1658474.82136719
2098,1589028.73019032,2531309.3842452,1499580.64329114,1853030.79676663,1406782.19939611,1246895.45210171,1231269.65143233,1064163.48576244,1144146.19194772,1788833.1139609,1202304.65327405,2010745.60749723,2241762.77010031,1204535.12016121,1400682.75795825,2620058.52932672
2099,1795494.9512367,2995605.43347635,1660900.12409967,1342036.49170642,1024187.1707093,1350884.53108175,819702.194272507,1100212.51158139,1247730.8999272,1536180.51567112,1073152.00117515,1896400.47363502,1235312.57675797,1143417.40673932,1131849.43706327,1623480.3116841
2100,1184269.41331442,1672225.65393129,1243111.67201577,1102522.76753821,1002807.59250785,1302832.54345344,1216902.19455422,868315.746763043,1530466.48687809,1141914.70195699,977187.610062968,1922144.20267198,1867275.64944049,1029077.96643897,1257919.26325471,2343660.30559619
