"Date","ACCESS1_0","ACCESS1.3","CanESM2","CNRM","GFDLCM3","GFDLM2G","GFDLM2M","INMCM","IPSL_CM5A_LR","IPSL_CM5A_MR","IPSL_CM5B_LR","MIROC","MIROC5","MPI_LR","MPI_MR","MRI"
2009,2632244.7600261,2884243.66956658,2398345.52069255,1705918.55456167,1491873.58499086,1630130.9550784,2406820.0521348,1094902.67342802,1386025.48517289,3389266.68527414,925183.434465158,1409531.86601139,2027726.93166263,1219178.36073767,2247310.12889548,1637099.56771249
2010,1667232.13307923,2029876.96021716,1339559.2386101,2001343.95982785,1119419.43135297,3752988.23934378,1490707.77332563,1320639.7490344,1003581.44961233,1388802.02381877,792867.209988946,1268339.37409059,1730735.44455865,1406747.37625368,2215550.50829696,1830552.19573353
2011,1408808.51861956,4640331.52414253,1119736.24065913,1858682.79951387,2667194.356082,1701018.7928782,1818562.25162956,1312111.73978699,939306.300259689,2051812.68243283,1724665.95826917,2846383.81632901,1876269.07094215,1731175.51716596,1495330.09034725,1455498.53910871
2012,2167118.79058845,2003016.18136065,2750491.44873951,1915057.61814464,1473632.47482156,1741930.67638193,1699549.3114571,2135855.69358018,867034.874060266,988295.82146462,885596.525116934,1734079.42805943,1508119.34984537,1137779.12669158,1407779.68365159,1876240.56882522
2013,2139447.76720947,1926296.67828453,1381858.67770344,1488188.64985159,1264881.19850993,2231272.55192904,2630785.74209437,3500578.43443422,1089657.19334376,957272.824644382,1024809.82324449,1946698.53575439,1156267.52958652,1955385.01973193,1886955.81778415,1668802.98875238
2014,1539078.35164112,1859421.29537919,1308736.05592259,2301813.94084325,1386154.08645328,1980375.38906575,1323776.98539548,890394.745836326,948303.670793481,1003201.71172361,2662352.90850073,1524608.7359414,1837942.5396189,1610252.91505113,2189853.42684858,2857188.2787191
2015,1629609.60978029,3415019.0386147,2092736.30556391,2171069.03999347,1224950.3261258,3046968.06408154,1472650.01533908,1093431.17563919,1412834.22444199,1400220.54809605,966566.146443647,2478491.13177727,1314602.37740006,2971398.2262621,1343785.20038614,1372664.55130844
2016,4071717.24900746,2412159.50349774,1556667.28316752,3250912.56283347,1527009.71538074,1372922.59144588,1947697.71581426,1228683.62080441,961144.445490492,1805597.19283795,1423535.63200165,1553391.36126293,795590.85651589,1570750.38500766,1535079.92675653,1707756.40840076
2017,1555858.17882289,4703955.15147219,2704175.87764755,1200684.76977183,1317843.66334588,2246008.91510429,1903356.28500009,802629.257662354,1163510.60690093,832297.523127807,817741.131408102,2069139.35384116,1273839.8071292,1261773.74893069,1545624.76759466,2056714.18237355
2018,2342368.76810916,2524696.40960076,877159.363448906,2234927.04446933,1041953.5814831,1442227.70787662,1742547.61358908,1489657.68759947,1722593.47880309,1660218.657741,1677767.80355812,1641050.60537305,1011209.16849587,1406253.12756115,1071685.43897548,1416850.88624145
2019,1970720.45623068,2825750.69169886,1159881.32480969,4976189.69796474,1252515.59512868,1622476.95671212,1525700.22024194,1286493.95426907,971130.364826432,1605990.19681025,724632.259676122,2079847.69526163,2049167.31191393,1158229.03458942,1397933.22514372,1329551.00423725
2020,2084831.29742682,2325289.60737834,1247142.23571305,1079396.66090695,1118957.40975986,2375955.12870151,2230426.0754986,827572.812581103,1354315.18512434,1049183.83089265,1124787.70924343,2315881.70314596,1909144.19244205,1010097.83837676,1341153.25483748,3360210.01430651
2021,1516393.05947701,2426685.61965381,1867540.94369936,1916158.57005953,1159713.34620494,1213689.66897072,2075537.36069241,943198.117101616,971732.130874154,1188576.16761325,867763.948455478,1463185.07185945,927119.116104252,2339265.91130505,1342415.3370829,810316.324548578
2022,1244065.06611639,1955065.21920697,1624009.40057696,2919805.24317395,1506236.64632379,2502760.62625967,2407286.9143823,960963.633031144,1077859.42930912,2337690.94388654,1318318.22262168,1433826.88613073,1899391.9602663,1411292.64532471,1269121.99632133,1905666.74595119
2023,1842339.43532673,3264297.28641775,1283869.19446092,1283735.73524792,1642028.91546063,2185237.17404029,1401942.68403,1060034.37929172,1335045.62012891,1114491.71798813,1043120.90028838,1194431.09021542,1431650.47042872,1759208.32460697,1505561.28526765,2182055.27418341
2024,1684768.12825565,1827741.30006489,1947569.15559483,2663168.9385139,1578954.3916913,1406929.61710121,2194617.32743194,1182158.32728745,1230154.16124824,1193706.83451128,928017.979874565,1231006.24923276,1187578.93656183,1210598.31607072,1111120.21548583,1100613.85707523
2025,2017086.83319317,2386980.00768073,2827400.2232791,1813777.52344149,1457143.64399954,2071576.15643791,3660554.93939425,1423394.04825931,1608847.40429712,1548788.14814042,657553.853178356,1423000.12635357,1177649.70687999,2107400.06579255,952575.473806514,872070.621958627
2026,1466263.27389701,1644035.79317105,1573479.41749934,1545921.08386312,1469008.63536501,2972651.01008717,1776737.68529361,1772173.12616465,2380103.32050946,1244778.65602209,1468503.56576859,1530655.66576435,2006874.36442551,1476975.39192322,1152429.65087726,2016224.63535596
2027,1483229.1034316,2331923.80398218,1052803.91259362,3532427.45599529,2282288.51956799,2115332.73309035,1384375.75663722,1007124.07434814,1578028.81319943,1203320.26751311,872094.099875147,905229.71144555,751238.440172455,1453922.97872777,1654889.92150532,2517639.93009916
2028,1644637.67128696,1457743.56101555,1241343.37828229,2236538.48080172,1323578.82626419,1724712.75140501,1559544.80297539,1077968.30394452,1434601.25292895,843897.185917771,1688056.67125778,1805228.43571049,1545313.89688478,959696.299652584,963320.109934951,1420654.43636753
2029,2498531.37605092,2122368.93460634,1472511.21379748,1290784.30645035,1830817.72391809,2191537.66709274,2304527.59636936,1394999.12910609,980153.960456042,1462188.23748571,962717.207876994,1479733.62062511,1615699.23070152,1257223.08742743,1969883.32809892,1228296.83362058
2030,1585358.98330328,3610742.43380282,1387411.74483967,1309183.02207188,1452474.45964756,2366938.81358546,1665650.3486336,1357752.91242432,1164881.6341478,1140363.22253375,979567.51206026,1383215.7980674,2078166.76578253,2053096.29475536,1153171.80785155,1209171.39846945
2031,2029031.25982615,3634628.12322082,1000563.16723004,1436083.90043211,1159100.7834563,1416245.48000642,2781503.41614209,637447.411786736,728568.298655429,964943.549246722,815562.707377614,1405259.45516061,1262715.41747606,1044580.88125217,1401475.4129596,1187712.98165951
2032,2609107.50045191,3349532.91193932,1550642.07299563,2171357.02342809,773044.519804271,1085198.43666308,2305304.40250733,2415567.86161298,1008198.23439353,1138405.09688701,692407.117740763,2120805.57622993,667265.412734278,2540669.18875611,804137.028501077,1055279.6000585
2033,2745484.67514895,2561846.8586137,3083587.92783077,1331845.51406579,1095145.89263118,1204848.62110275,2134662.28175087,698308.373849462,1072989.49679268,1139655.04609562,839647.056409089,1217912.76442176,707664.002756915,2029023.99692996,1674783.76898599,2282370.61090845
2034,1663191.55826095,4300766.95584006,2198232.37026706,1159059.65425453,929608.117880475,1356018.25368504,1626139.72615655,2448834.04742392,1507355.06147893,1323784.447098,1255461.37923078,1845416.22868943,1320819.48825994,1602479.63707378,1987049.20346542,966712.891817785
2035,2690541.0738971,2428725.68597959,796193.450695408,2054369.26710449,1219391.8150684,2134044.95012844,1967323.64558914,1234517.64769265,1034806.92032135,1100908.06181917,1082312.33446469,2177673.71019136,1221095.01028584,1256194.05069815,1533503.23982929,1270691.3057322
2036,1833140.76743373,2346220.0243212,1386427.80721762,1664494.36316928,1807376.43343164,1461399.67115021,2683438.2033508,915822.281427699,1694747.98053273,1452057.12213074,870699.270941784,1603037.91573659,1277267.73013758,946546.656317148,965893.609605505,1792147.07765577
2037,1958284.6788352,1848746.43091582,2138908.18432438,1139013.99846752,815497.814789722,1035935.93621454,1650017.5359363,953331.858031306,1075563.68079137,1174349.30176269,1396605.63781056,2798812.3810617,1860811.07829346,1398851.54656277,1563491.62738148,1136589.96724076
2038,2096316.81174528,1060245.45454057,1450621.89962523,2073969.46615431,1077234.68091955,2262308.06154195,1488692.84420606,1128813.46173793,1351939.67829742,809867.235333709,910441.394529705,2225611.30503475,2255521.96342094,1375951.96053336,1359504.66977921,1028113.69811854
2039,1790232.83166732,2711865.82658035,1843050.16782646,1310585.23538949,1357336.41579552,2246944.2747355,1927324.2625987,1091608.99393212,1240128.38701123,1327572.05704394,963456.386831764,2148139.12884914,698373.866513746,1146319.91897369,1543740.87011951,2472732.07185485
2040,2452617.45276142,2575430.38154483,679497.01634066,1784355.13932146,1982899.31383821,1199706.70771843,1276712.44273862,2715261.56509534,760267.673489415,1194772.80899277,1194632.88047024,1110341.20347179,1547327.28625399,1039183.6054535,1655835.53715774,946068.391637608
2041,2626589.73759038,4716755.10672879,1843051.10777716,1216762.09067885,786351.98739404,1608160.02759374,1849640.12011917,1126111.20452203,862206.528069836,1091261.94515945,1074983.54331291,1315894.2180842,967191.446872829,1148917.80063723,912856.442231267,2021422.77895832
2042,2306577.54725594,2933993.87374755,1111412.19620407,1548791.7269229,1230786.88354191,1193020.27442969,2937239.49267675,2131070.76465427,767439.579371118,1120516.08284906,616848.830377778,1881576.44221384,849719.465773105,1031971.73707596,2783059.49237118,1106423.21990494
2043,1847357.09106706,2709792.89670876,1595790.25296055,1651205.14720115,1045544.93791665,1298564.98434353,1057394.15480548,1089818.30660316,1018766.66163068,1230378.56972604,1140773.95028152,1049809.58685752,2764361.61560101,1957330.17234674,1422121.26050858,879542.612369611
2044,1189259.57103087,2929540.38301645,1538642.07527575,1254910.73577491,1159650.19187124,1542630.08656826,2004260.2695915,798406.839026801,1113564.36576129,1148407.94254945,1430794.77672919,1994346.9715032,854786.961507781,886137.768804119,1190166.53374668,1694653.65181087
2045,1208354.72946594,1891998.51819468,2359123.58345038,1279225.16122866,1377397.62392872,2037971.29472112,1099143.55928808,831050.374335834,951650.179277547,1110240.842421,526213.044935272,1054016.66652784,1077886.91061481,1116894.27106603,1607057.40246213,1361254.32588463
2046,2245027.94655737,4975484.69827001,2029125.38301463,1880130.78413333,2667155.30038818,1254778.13474812,2351722.24492916,900814.985622881,718233.798739204,675327.491320756,1470270.55431262,1727515.34117958,855965.974946384,955065.954368062,1343055.87988156,1420589.8715328
2047,1206412.64901948,2918933.98644065,2089912.55882998,1466069.41299845,1127258.12110126,1284729.46846555,2417019.13082064,1016893.86760571,777860.845727561,1429245.33633902,1538608.47166566,1803018.84117511,1682436.28823212,1109056.57858344,780506.859903298,1522195.94956418
2048,1300802.90241745,1981337.20536071,1631551.99494863,2117067.82297254,1049397.4133323,1237143.10458021,1141488.45600933,562636.400839471,1042083.46892887,949372.595827615,1076350.70066729,1237102.48753243,1904671.67341781,1294194.26294906,1231134.26697841,1277807.37334429
2049,1915109.8977182,2867015.82915363,1855342.66625853,999943.819861286,1688471.62330323,1310336.03930001,2449598.70331689,905338.968252273,998505.93691993,1240221.74948892,1498993.1342369,967972.315895703,1293721.83538983,722865.042857297,2403928.04887041,1500901.92757966
2050,2627583.1971963,4170139.58062192,1134488.13314145,1301210.51003057,1571403.17332041,1588568.79055005,1640601.44416215,1093663.97777436,913881.446559887,1184877.98198741,1791931.05467658,1969715.59796626,762215.800963111,1215085.36971478,1695534.76511756,2176704.90317325
2051,1304367.90449464,1347762.96047987,1495840.63068683,1029165.31708124,1127882.70889493,1814089.06496616,1035073.19940122,1065108.8825966,953859.950828974,1433762.77003428,1051008.53985193,1032783.08352618,810595.784197809,988177.813410519,887545.395821912,1081873.39827001
2052,1629015.63798584,2653407.41436531,1789522.86463436,1395167.82264833,965229.238029335,1572110.38298221,830599.948718669,1621986.71391195,907665.537057368,2578373.92674632,889438.582288878,3176239.52993206,2075332.09185247,1830935.06556393,1318295.77005345,1192827.96332987
2053,949175.819487976,3673721.30279128,1325856.13732721,1779469.72652801,950718.357920765,1629996.95104186,1298296.84106579,1039438.3861909,1704941.81905793,1651878.46541104,881505.391084384,1836655.59983129,1200243.34525195,1005232.42091815,1072759.03041462,1180213.2507931
2054,2474656.73771018,1275493.88653857,1776778.7187469,1079688.34917318,986248.883080403,1823344.50752308,1866228.89249155,1512600.1297907,1228643.29630382,1050120.4465713,1196680.53047198,2758080.4437921,1399036.13324395,2283275.39438507,766499.42439611,982272.53453851
2055,2008790.59144835,3289986.30892421,965872.913177232,1298972.22488205,811386.437529592,1365323.30985227,1238022.73809004,1425950.87143841,1227163.78184113,1871490.88273711,1124386.60473183,1304730.56471592,988066.953447486,1011700.45532292,1795357.71570941,1283065.76930348
2056,2196800.51325904,5402233.4231596,1133444.18658685,1154345.54409604,1347355.89920507,1751629.23391472,2031852.45726605,1034807.45141765,1448973.10285393,675169.087756264,698754.819109686,2052471.0225523,741310.05235064,1947855.55464056,1002734.30501308,1041952.46054498
2057,544031.386806012,2495872.13141898,1278092.81312489,1128127.44576225,610662.413883602,4091695.87667952,1959130.45245824,604583.167297145,810825.094352252,833266.803527751,1025888.96597252,1346477.92707226,757717.190163501,817874.786753567,1906401.688551,1580682.40567904
2058,1002831.25455129,2193858.47766876,1068193.75834107,2266117.91596041,1052162.86539096,2094332.36898372,818970.28992596,1106857.76350523,1050279.67738763,662057.318563641,936449.63624516,1305809.80809981,1479681.54787588,1027672.69082131,1440275.99737185,1575241.31964588
2059,1568993.01235745,2878038.47171093,2413110.80543879,918595.341994763,1014453.27013342,938241.782183249,1142609.80846424,952656.790249011,1291366.72369434,1351164.01243539,763450.802152008,1334630.06494549,1458060.04813641,788914.270500588,838183.164413415,977126.32503108
2060,1387513.92965771,3310636.65637038,924804.561903739,2591057.83337692,669349.540881561,1483747.94514419,1179178.82009874,813001.210228899,1171208.36620576,791400.782204536,902022.45301957,2404806.87452026,806348.84374971,1247313.5092346,1997412.67593979,1170326.41018846
2061,1152471.69607046,3842245.14208478,1226536.03033277,1511066.61361139,1185685.60948873,893223.993439359,2725739.76621038,638538.785914659,889050.279390094,899115.333170469,833280.293821486,1456941.96135368,713824.418260098,712594.098471908,1026399.31061832,1098311.16325248
2062,1385372.4081947,1307516.57812889,2046760.14351701,1174251.95927141,816781.739144501,1422896.39797001,1412108.09799254,787204.084926248,1136648.52976727,1207150.26480687,1276636.03506887,2603680.80495132,653184.081443583,2993450.0167486,755611.797863106,880117.243731501
2063,1513533.89679668,2678627.21979113,1274580.05095511,922935.770378519,870578.79368326,2162133.27819621,1662418.15177362,663859.956894767,1263562.98742973,1035368.14391441,900809.359058874,1135114.23225585,911396.344168549,1627813.74674762,1196363.65045616,640427.924817375
2064,2765902.73905602,2133319.01731612,1224088.69217359,547204.044104853,1034423.46866459,1121713.18042156,1391655.4336269,777791.098337743,898382.25481284,1122262.90148669,1007568.0117125,2153503.36922378,885067.045788517,1525227.95915712,1722527.20919272,1345574.70585489
2065,1789243.57631502,3044994.75979128,1105081.1559445,869757.134414731,1081012.36750568,1218257.03417874,2074295.30036733,611726.884691769,1274988.12396998,882496.405009282,1101568.02330085,1219134.63117064,774555.655225703,1037845.21926352,881898.948167685,882032.014984041
2066,1291755.47756269,3309126.48675426,3720438.98778595,1439166.05313907,842466.890559384,1145779.5528468,3146559.68542296,592430.669552156,1471318.20667632,1338002.82979432,1112462.37571685,2380831.01401382,1589233.70304563,1924297.04773665,1007463.47285943,1763137.09028373
2067,1503614.42164204,1072198.83212491,1943000.76356105,1603442.8669675,686232.884832483,1345174.82372519,786221.336076662,636273.459031772,637924.215231163,679595.285363852,900574.400428716,1664286.92729203,739791.587165234,1205419.44305017,1044712.37627465,880564.156660717
2068,1386016.80578082,1461154.14917139,1023744.85549233,1693604.89737034,765283.709181983,1012122.70755765,1078885.25766571,1030084.50831275,1852639.01960501,1006775.01189979,885776.087980719,1644319.11814897,910530.079630744,839421.380745585,1168165.07635194,1086395.90209554
2069,1431740.25003482,2755685.12490134,1332016.74930717,1178652.01856615,997954.101073354,1443495.54276977,1469335.13970593,695359.252528342,919722.346533651,775551.841215491,609085.86737381,726555.145075359,955591.973579857,1946755.34800769,861074.756528636,1507617.99517179
2070,1434199.13969171,1032695.3456212,510374.26638637,888263.365052203,662137.603130693,868899.930160041,855754.774222622,575513.209581466,937255.453786503,1147412.4803319,1255421.74906776,1087393.61312814,1685585.93099526,596576.296496859,767149.922571163,793785.219163889
2071,2046879.38974642,1810961.74734234,1257554.86889608,1445179.88591831,512163.570713869,739546.479497373,1249402.23616422,749386.28542977,530070.411343819,694294.967519938,996326.282948092,816031.337930466,909367.330585683,951502.098258104,612124.679473252,753893.383006765
2072,2206223.55321235,1180043.96425814,1082772.48850878,722899.875104316,757438.770985834,1400505.06453841,1735231.7213775,945011.013048438,1041010.33393398,1262263.20856956,941947.103537669,742659.690282971,1404063.95598216,1432520.91613398,669289.45135225,934922.922115173
2073,775789.811780918,2265521.06212325,1817757.1989282,1271832.0378505,640283.682713458,1318913.9054995,1412327.5882023,579504.57213175,789756.464693032,1115059.00990963,476935.90550408,1778982.02894238,875641.937514322,815236.421565576,712369.610128828,1203204.04783414
2074,1366048.0202466,2254289.02203873,1995914.54621703,548161.380525192,695565.297546523,896233.986441118,915169.850400813,891760.624282552,1146597.99571978,963048.879237246,585467.731193219,1808185.02765082,792586.490541136,1584908.87198534,737353.235210331,831533.605461941
2075,2867089.23311452,1196266.17412955,1130018.5105265,1000710.63479092,728684.686225384,977062.423646998,1431923.70919365,339037.639521033,927949.849846059,636612.29363068,872002.408807575,1016024.98283711,2117922.44634816,1118650.67799172,1005591.44458824,1807570.4609173
2076,845343.959889264,2311475.24706856,1213360.88496548,812956.017040159,1048344.34119553,957852.329872997,2150915.88212366,2042688.78167753,1022020.05593456,1295815.23608727,847961.6029458,2007325.99319356,566976.75684126,1082124.82782505,893686.731128277,1320504.36082961
2077,988863.428494803,2931118.05423733,2804114.93519855,1160620.7761941,1406741.07634066,894567.888735221,1535900.755912,460403.02550101,1122562.46283696,467520.473359981,2399805.34046621,682095.09377884,1700297.22268924,1234612.203437,1011127.13249216,1032665.3179862
2078,701518.337044653,2731107.36709776,1069557.32336592,955885.600827657,563483.448600968,626554.570133837,1960553.42315001,804297.927274344,256794.053699275,1696733.03981455,1786490.73612935,1121281.62311019,841995.02948097,1468441.03750744,845771.748554163,1492519.17213124
2079,1788044.44363334,1067566.36349856,1366320.27826687,1468726.12127576,594117.976684756,1194949.60613704,1037471.62350789,1115012.90243245,377431.371771108,927653.517344111,3001846.9253662,1509665.620273,1457396.81466358,412344.633550758,1184676.60735262,809806.040900498
2080,1265697.88986871,3596698.5363298,1315307.39689303,785779.885112741,761312.878833114,1236344.54429665,1540684.27791595,836483.57787071,554162.141528603,1163622.14031776,1821706.55008648,1815252.05033477,510915.658296908,666800.692453904,386310.97955011,773933.011423969
2081,1824333.52282061,3393736.18209312,1496945.84077128,558536.37813968,412552.258763973,818886.176453975,1154517.96558831,2775156.39315274,598506.636886509,544838.437837146,420413.107662668,1616284.92540371,705597.056816437,1709465.24053116,889617.275919873,1004804.24124965
2082,1850796.2783654,3309558.51348944,1887702.47632275,1069507.34663666,501713.573721379,622501.801236808,620219.73282377,927372.441484152,559706.718526619,1588774.484908,2120092.88107042,2969256.58343607,702112.599060936,1245730.96756486,1016670.80428936,1175097.20285261
2083,1137544.80795156,2581391.66267308,1235811.90070934,766708.778304341,536669.528397349,1526368.76376969,793005.78193896,673343.893370178,477166.30050851,635712.385956206,442460.004295624,862403.768135344,1404528.3647829,758431.863135259,972518.05272111,1276748.26815119
2084,2523293.87212218,1849908.37677924,688934.654882159,1091092.46990592,538266.908050388,747915.70078746,1067424.1108005,499185.768659978,947795.474609496,1558514.5635068,1191702.81154778,1033387.78895606,571154.761581719,521693.023462803,411920.690735019,2860968.11107992
2085,1814461.81518243,5164783.90217123,586261.4264792,1003927.87093441,789459.644793495,2421935.89343868,467248.741715837,574442.978464955,1026401.21466191,457915.574986057,719818.934835016,979523.944717588,1458523.81757634,770251.962963724,486692.008222151,747957.612920836
2086,740001.003280952,784265.684104255,1715104.24209603,813726.353442825,703992.614857721,2018979.96645696,1658433.39308113,795646.304439674,634802.082980599,1133994.30412177,1244573.15821233,2604678.80073977,409573.313992803,1006074.91034845,1235824.70895888,839079.911038013
2087,1329509.39515733,1531879.99268037,776869.428299169,497568.166726351,517498.456345625,745758.118883825,944706.802377073,1228900.52661173,1421496.73098666,933480.370807549,955373.461823995,984908.109297084,1678713.53831492,418996.769208837,1119876.98048834,1296968.82361168
2088,1267364.03601713,1773106.25626972,1821294.39074116,779621.44429064,465692.392490382,851546.096283705,625908.870923619,882867.58266486,901067.866422578,1064700.6755387,692915.231493559,908324.74362348,858701.171734723,387967.492874205,422136.778212087,1144184.50626302
2089,1743942.43055486,2469817.27736712,3140683.62748518,2702272.68396619,491782.427632395,674631.903362247,652972.82938819,655779.488498375,828226.666840289,695715.912861193,503432.269835917,742959.043640719,1280779.46553779,1041719.01410798,411476.782578764,2569866.27579494
2090,659437.282006421,2866926.52643302,528911.48981277,1194733.78806342,324060.205978676,1222577.50054432,1918957.80925811,998408.792443499,964626.176956438,1567117.18179548,792404.290925903,1087803.4373793,833756.423102611,1470085.12712095,1258496.40142012,2354077.57528555
2091,573054.989176133,2262485.71421406,981274.522139819,747548.339528277,726224.388990744,703155.681626773,649608.040549679,600448.790819877,324809.42246245,1431723.41196217,3473770.05884881,2319713.64927536,1734138.07638771,1503622.69095664,270457.784858192,1326009.77001597
2092,1211956.23855851,802645.282799305,645787.168455589,598005.217708053,401218.791083834,649763.453778403,4608351.40118818,1006228.65979207,823445.318064996,2223719.67393888,966460.728461129,927689.645726496,659348.066376604,532454.682902505,1428820.75996382,1635435.82326221
2093,641531.087501549,4360442.98525163,1361960.01503514,394206.594836269,897536.677660088,503273.897087448,715249.184784404,1028171.50861049,632101.707318348,807065.021342433,1028123.95912175,1690267.62548521,878572.188388089,1021463.37447953,822309.207882408,851360.87026663
2094,2016140.01131132,7340389.61254946,1244229.07637483,438231.646001088,961758.98254084,627030.04675763,1088650.88668162,868109.693915917,1567808.70437831,1120254.94854042,672082.11114588,463415.176356178,253046.675420746,724671.803821321,734027.688373195,1387301.26649913
2095,1043464.69084749,2456146.04979986,1226608.57169973,632420.645341084,557314.593533876,2162843.29670113,1320858.54508077,1574959.40776735,562602.128088079,2018291.71349676,1240336.26252676,1426922.19130175,872369.72612267,656949.076790481,1033233.14529248,1257511.18657167
2096,300684.327711429,2113737.77599977,3207274.59769218,615607.115284692,869367.413093144,576039.044111835,959729.355159276,682394.801864215,1350946.65998289,1433023.02577439,626766.143414374,1387187.89743601,825823.537583869,2189202.00111234,367603.030344251,805647.269101441
2097,1495863.04571055,3771789.51151315,1221432.48424956,499278.051919937,473057.668520643,1433532.81673034,1519759.26702855,754187.907226923,1509716.95504992,676518.604053471,1235183.20996807,1330086.00669836,1414270.37549858,553269.647248224,604356.484560287,938491.189467748
2098,1686001.80237405,741152.214959742,1254721.13491691,607469.55861886,699506.734888476,623565.673721154,474013.948151248,1909509.2922994,883391.42493949,974099.084147182,1668471.26381945,1058006.48564936,1895512.11773616,599183.509449853,1783492.72579373,689329.557540545
2099,1140145.71443796,4465619.98289031,474615.528714505,1265073.40127841,215510.541622828,837023.189744496,1221471.27193778,724646.323537859,773553.847226903,1378113.46197352,1097944.70071984,5139091.53830481,467999.529174328,1736978.92277955,417654.219228621,2452435.97361473
2100,1818989.21622777,2091498.97575539,2727650.3522586,2263176.76609464,269446.485722439,866262.011716233,1622574.04531247,1111296.80233492,1146703.61946671,2728322.64025806,1187217.04364337,1777827.45973227,1103535.92180039,1171420.42223792,623479.215317221,1791761.41835856
