"Date","ACCESS1_0","ACCESS1.3","CanESM2","CNRM","GFDLCM3","GFDLM2G","GFDLM2M","INMCM","IPSL_CM5A_LR","IPSL_CM5A_MR","IPSL_CM5B_LR","MIROC","MIROC5","MPI_LR","MPI_MR","MRI"
2009,41444.5076876119,312383.669577894,109182.704784198,933103.790214837,295762.809844441,286715.742314404,376671.897717216,443111.049445311,104922.267579373,562488.385138391,146781.528738186,220415.505672396,274268.630989011,33100.8530878899,580244.587998146,265413.832855908
2010,77593.3760623283,237561.857419656,167983.802632656,589927.469318523,298819.06122716,367839.027040743,645036.283420089,470898.181378648,332991.486529521,331938.475577393,169172.370660508,67942.052135885,167159.542795567,239557.378394128,103534.159247508,200108.653740875
2011,62714.8207095956,298266.191725927,271535.216990738,443939.960966117,528712.416510518,321354.383384378,306873.418684146,808024.382509809,746273.667865436,336099.501241614,213244.777680761,203343.997662053,515726.324081158,304519.269171516,217259.843331943,132052.344252335
2012,187284.326130557,129778.351704382,182746.973100746,445634.115444248,284822.110224835,268004.960010096,361704.059649575,740357.413701454,227907.048972746,505467.14842237,85672.9925124039,224406.312986907,267440.608720276,54556.4070151983,495175.790954583,268245.9996991
2013,337058.085274718,153641.796203209,168744.858552873,524981.441452717,407253.361981074,341375.688254265,433758.285571804,493719.085621716,189109.889821365,642489.265031744,363864.102271684,150318.586133457,306684.081754086,385735.822720013,139878.105919065,353176.172950653
2014,131754.341127588,66475.2227162962,165481.463666322,403483.190297468,152731.430579867,349154.693691403,340665.762358044,258908.339768608,334673.383113366,537058.485509624,944634.924322295,163616.16891707,603969.161788921,489294.702969866,333162.517610491,49657.0623268855
2015,141493.685487596,58387.7951587297,238740.083518294,353725.540873885,427442.047927362,382016.324989059,359345.866691752,446947.40457542,580331.361686389,200153.701897289,381696.895012606,236849.33613166,393360.338954538,146119.296201169,489713.710421396,234140.357886028
2016,168488.855863225,116462.577197463,214511.812101971,522177.417267175,143945.257031878,411528.830200526,381448.948951833,245809.821411407,383242.085991457,214336.99950576,856171.443552603,211744.047995533,215778.064542475,171331.225624258,97986.5757285019,513408.741584097
2017,187334.873143669,223306.855249142,577901.723750577,295565.970922617,475013.786937888,333602.407830903,373072.978436859,454172.137814883,213303.663117327,145218.983065582,345444.002958517,248351.076668739,38818.0480313509,626804.532209938,298872.914973818,304971.538173143
2018,123432.655868541,110692.400223909,201285.117857968,309175.258093206,143834.360614112,575562.114977332,438189.312286276,564779.256184299,554945.632992816,380447.122866547,343484.16023296,348803.950928617,79808.6295566998,265410.978002326,370589.745237559,118262.001405742
2019,160744.10902619,153716.58004478,153478.228021327,230602.491104989,964543.357193193,191276.392634547,374847.727763474,661209.259174824,729275.894434592,248484.732662863,202984.99246932,211987.118072644,319314.998089131,330513.571113994,366024.306268156,67698.8959095109
2020,114777.386028976,147797.285723826,350338.318126643,342375.622210871,222851.239414785,426014.050290013,324592.72290983,403335.902187421,172170.745670836,811443.117360796,387876.336583121,128369.856394825,243171.61828335,143860.394040604,490020.677932865,499742.933383532
2021,142012.856350002,287779.865101639,285690.2207447,547633.089726309,425461.332870537,410477.262409155,704671.2504915,778617.290275671,401199.609247369,327844.321805614,246950.865155322,143403.270780449,233543.378831316,977725.555727576,439315.519637274,60098.7582952968
2022,201497.589966388,286305.360834548,325059.091491279,756883.277138341,580316.022016666,170053.810312904,176807.583345819,352982.359327329,432406.412955596,893935.100154655,378973.762103152,123778.549424974,151046.583709558,199917.028198118,157351.059815044,396526.282729563
2023,168373.682782829,128531.123364283,245216.403625409,603336.501398124,533674.305357407,466467.442925682,466510.521521673,633939.367390328,305024.04989456,156627.94744175,311092.504506501,196805.443406234,562785.113208384,318768.649555166,276564.630537873,177608.737125661
2024,185122.677143297,121812.431845688,83307.5687748178,359796.500770925,308516.304362515,1892877.95925572,146524.605671954,234027.63878283,248513.53307247,598556.481721789,368336.322123813,180899.104239611,160733.418542371,261024.279106796,592713.813304714,204837.540495854
2025,131018.422422764,277931.019050894,140745.091591277,436649.980262104,244886.702708719,161103.758673247,522121.049794344,593816.569391629,947496.545714315,272156.664124643,219469.81156621,145676.597702376,165684.638029809,219555.334185144,442400.227044394,443261.739950449
2026,163768.679697571,283160.502644045,144415.792612413,481858.18627626,150011.495847528,240619.838473235,463130.211242403,575719.236822104,441160.460147914,1108246.31240932,425907.541262125,65182.2341507057,95047.5560922256,93659.8481610022,201803.8270168,242687.789327716
2027,200308.978852456,345218.129425452,189012.218984673,571013.529535199,285450.749078065,515766.879937391,265756.30925527,726525.039100267,716254.220041622,172935.644294938,569535.3085658,351680.424770336,287785.474830155,251471.882772429,121467.799160287,310683.871215284
2028,76616.3010635199,108531.779808316,121087.97411962,299964.661518537,727042.461756446,757239.929289056,196455.056285159,782039.850130694,189347.859991379,193125.197501893,402648.8257008,195107.960779033,430185.656389541,602874.564055066,406136.056942169,299271.467809911
2029,109921.621140206,112932.651069949,174302.094340062,1176977.54864894,458339.261014439,264644.559963385,572135.785226356,701939.92022998,993507.763193698,293454.049071951,270226.202907488,166653.906447703,179134.565955909,148549.898017828,419747.585266954,317390.520968568
2030,63093.3497621724,141587.2554165,153786.535881439,811261.965831843,295361.474496498,579027.702379985,167076.066968331,1663663.18565106,359583.588147936,447564.783374549,295660.623735417,123566.952367695,542486.551122904,628963.838444978,197122.973251404,367579.505625881
2031,403934.803582619,121030.152127312,504868.849288285,351309.731331834,458838.400394451,163056.186933551,430814.364736959,2164866.22897628,341699.946816981,951674.198574159,271465.375419775,149066.135034682,37302.2362171404,687660.975018986,162367.568445803,119672.374952419
2032,531031.161771897,128698.60142108,226416.907603552,212641.610422124,121535.518311799,362914.396536379,454970.3271433,684152.124302902,528550.06201427,276677.522196293,551908.369953031,412454.290126723,375095.280835207,220458.42981499,181666.126364758,363064.547691351
2033,254197.512284977,194788.304094101,464827.964203079,943131.31365687,260012.220040917,246973.043385861,413498.78412354,377393.257601632,358931.658762088,1143517.27734718,325989.684144578,145433.00479733,220333.776873708,617919.365021765,192234.095243194,176544.84083112
2034,268508.818740472,84997.7354198266,118690.839614549,472291.606508327,383264.475184081,484007.621080783,395168.831220223,992024.653720116,114794.719675636,70834.7793513366,407976.06472817,119850.070302665,266535.790949671,307706.540243013,858661.086926467,266080.734399922
2035,815366.487851243,177892.021824977,543761.05110269,850094.546317828,182289.123886683,376706.815881012,265708.066054076,556478.875311928,532210.852409663,345120.193953395,204392.567687264,71975.0444835965,87414.2688437623,148015.057431514,410047.761507661,327999.696495006
2036,210119.730758508,172814.752978377,147824.909425449,314196.726833205,215845.523148929,329522.536722505,359868.312813346,434224.950031377,867208.103762898,191085.519593479,297964.10662817,204877.920217046,195752.184084249,242225.571160466,289369.820304664,160388.322423313
2037,308346.396455669,113568.17998691,245953.529926449,659801.939242445,427854.145106607,285727.250829569,433585.058180999,370385.901468124,452689.337239794,428531.431919468,245505.651142832,58105.1782053052,414204.372424174,748426.192242923,246407.844223062,245576.978198115
2038,227230.582657601,373440.42165852,203038.009215657,233631.7428078,185793.214066253,152596.142357547,917453.686147053,770530.67399582,812342.834370097,421139.425470043,220961.096012948,334664.45056437,230968.301535352,324547.7909508,229546.366199936,220612.092358419
2039,116127.517584533,308117.463363176,166860.756832766,396850.315089814,127319.51956902,460155.805090198,284248.369170909,583704.565384189,405661.355157161,317644.1861962,387095.263146492,133341.097624983,518145.301304377,282095.645343216,313891.163716403,256399.814590165
2040,390515.926132093,79395.026445883,300303.698529533,838285.661425074,406906.683538652,372820.981388884,411580.127907595,880422.628222976,358267.06583067,1050757.59745722,433545.091732149,105353.799558368,291279.266226634,973098.412533861,597812.029327317,227269.999515923
2041,251001.105895318,163308.956627868,507192.778615294,584199.217167831,344247.778656223,281009.126785446,109913.715425154,302264.659722974,594133.246233432,164534.062807247,511172.634807231,207603.23255552,250466.875211954,230770.818536124,261913.264669446,313011.992294498
2042,317496.660268575,163073.908360275,385619.243320198,697576.166042595,244418.40843229,426921.046223175,531817.450831171,246892.858619123,398187.623895488,327616.764831943,487802.974717245,276600.398258225,283138.799492385,916798.889382345,505844.369573555,236586.715537433
2043,251013.339913349,240160.107063263,144047.460008432,139184.716402245,1059639.64524113,379501.402447944,389598.882117355,558510.946210714,731349.016692017,679757.044520318,423979.606717152,204668.449761733,192851.544794675,123310.650548172,482309.074159851,160017.216555371
2044,86061.1521904379,825799.680398017,197193.438250765,514054.880986769,481515.004797656,458925.136615611,177817.5193374,845173.628336543,443315.892744997,413053.002385162,698469.303116286,446566.09971602,495584.569625062,333610.849172436,315856.945730604,228059.796586671
2045,481508.031788077,221927.134962251,243389.081341757,772588.141642094,126478.92302921,289412.472744084,433722.251346879,531821.431158378,628775.133510834,868778.424242462,369466.102319055,95704.272426274,256591.946107175,310235.321996748,302349.420267213,249923.238470484
2046,227709.232547526,80884.0387858939,156134.927683899,778600.639470223,402592.909327,981598.537559799,404309.274020967,94304.3611446403,1658687.34085179,740599.460502604,520201.062570025,151195.081800131,49062.2926606739,504556.698527932,631986.206778859,249568.557480274
2047,201529.805742835,186912.436229692,119457.229521129,882910.855246683,172997.538286283,241217.766307676,446393.104994858,853535.703284614,550796.700504601,1082726.97610858,250415.984183381,158001.407566987,929905.824340607,261156.329587227,693979.736855903,339028.958731534
2048,51246.3730143879,576520.816156424,326997.068023907,619518.170339697,210643.149008262,596743.559039786,439905.717741229,1040897.81666468,472207.023920665,777637.065354218,623212.686204447,537562.848655193,288357.821957914,331534.706153297,861887.350313897,1396648.40628231
2049,66990.4050489814,178087.113577418,203550.833208531,432603.947954766,497790.785767108,208568.904086843,397465.680928317,735634.23042585,243939.903632775,477167.748288246,91254.5407208658,386555.16819509,384620.954679271,356694.493702712,162238.159663486,362352.546608802
2050,163888.213423446,71663.5367715438,71649.4925961135,683617.362391009,402519.57536338,843377.25153157,109111.690470602,694869.13960052,1000628.89860851,620589.095078428,617002.413304446,213309.130734452,257579.351974894,152092.529668803,592396.374619043,326197.106323574
2051,78886.8801334105,276293.916213769,223189.695382176,451204.49012597,439695.177895252,840494.468303592,537719.83781828,556402.032357153,1714319.08092736,699392.026603253,705935.593234317,140362.813096182,160441.903271304,351054.694189519,490039.391978211,129919.807999853
2052,508804.27929594,674649.773661985,353245.65868334,547948.913655554,476582.509586981,425085.610753494,1100058.41717509,862306.718667077,658427.994885472,439844.779635013,472280.931117084,143270.374035343,202001.662174095,853242.211538391,362470.563258799,452291.329321345
2053,66596.7544944868,149327.073142488,451777.241909436,1048468.32655455,365054.044424786,719671.562986661,964045.521660352,524585.820330529,420662.997073987,374261.621992338,354268.126104366,217284.864837199,292243.888372067,622717.175865241,101048.593506001,295128.828019439
2054,375688.478394805,692262.756116643,171717.82571821,649868.847421893,622200.152562021,526194.238482901,351455.968389116,802434.199389857,576061.00930186,90530.3322528281,766684.442428767,177637.680767765,92191.2844889903,207942.397152152,108118.53102483,592315.803936307
2055,389238.869670358,157394.773848666,367057.045218038,408625.293389006,73329.8463420468,132247.231721973,196881.883832511,664185.887476589,332537.633001922,1037199.75277261,212688.081772678,210397.239259453,266035.953863077,375359.256119058,401610.611598567,551387.041253752
2056,187177.857581263,790917.045661552,511027.389193185,1371887.04368069,600142.212002428,232231.548224085,260760.279109539,164596.847565073,1819416.10680234,341825.452950376,591435.378623627,217657.446455222,239593.468950733,389001.500223097,472426.864730356,346876.847675554
2057,79558.8377907267,439535.982650151,87658.3660365631,599480.921433721,192744.974700053,200416.748791812,634637.199278195,237942.998088361,839654.678428153,163971.252196743,1859655.30628716,244027.625634534,169435.617192559,811525.198114206,408292.234236592,145151.759537393
2058,18943.9946203728,87963.9895444775,294681.204337831,1022728.61558956,243033.448246016,547325.595931553,249653.810981575,396645.608569667,468326.366112634,406559.092250404,250726.498442591,92384.0280536826,368455.567316478,273633.083493195,434498.373673872,336363.782538277
2059,404353.108249983,382724.590086588,336142.923303868,681611.008941121,915639.646107096,483690.530588129,270130.594143784,531969.400496197,752560.915595281,468104.602197903,378732.384191062,196038.470383885,631427.075158037,579419.486466082,173312.036758406,160809.977596406
2060,182394.573049303,727947.011240691,408094.67760668,647292.721595669,315515.816251053,322622.182682921,466972.75479265,181054.210350812,906702.663901124,150751.060232867,168448.418263869,136521.492800276,463020.694637963,393966.872206587,143922.435534037,438138.786647957
2061,379100.798233643,196905.304382978,218564.265936624,403966.284032375,174789.8429823,509475.421459609,1029007.39713434,304576.333483037,322082.244168783,629818.876276184,291834.348426393,239753.52930325,266572.815421147,574113.908488645,550736.272779018,349333.359813656
2062,165178.838333411,224230.690435722,298377.092176205,597622.730073185,785607.916024144,200407.791215614,413053.317318671,409909.383535307,1530907.87207648,686179.151957333,768380.276840937,340825.068627154,275944.93585223,215750.493686172,749779.373585066,108819.525738397
2063,331963.834647355,126500.874015312,383440.92059369,961111.830088915,171995.087294866,949172.465663078,272318.946665401,684971.029368401,483049.734905844,1215663.91857972,202770.034582102,484241.903142835,198264.070949156,625315.026049031,517170.173515214,224306.735288948
2064,283921.528087263,689755.93352343,243138.600828768,1021761.81278353,888929.838328556,515738.305861064,174618.219790182,716065.187703024,525942.16839102,495034.714173353,788352.643431755,158135.844903435,255714.543945607,344321.171169747,505362.929602929,624544.493655084
2065,210411.422652923,268096.448376524,1277728.47722737,395204.72616571,468129.764527258,237873.634400184,587182.604373299,521097.073139957,609779.387061401,538762.922524481,491395.545069772,414311.451464602,339571.328351795,172470.573527661,236903.490028738,371289.246562117
2066,304166.702569207,258668.085446635,369418.809664217,643890.63915009,401345.340883825,611570.552688951,720719.856577673,1537527.77755041,425122.278961435,1426916.66789396,250086.380162878,431939.668355953,415367.841320648,262546.373122464,184234.484433133,410339.014364377
2067,131153.633080092,137240.040415632,158991.725384046,497816.234962184,717271.44005889,455549.802011247,117224.45118581,1340201.91196491,385561.805456258,1144141.84166719,468632.918747641,531820.417878187,120564.085581985,319221.608490016,673998.856894261,291622.260625872
2068,319504.749540229,192265.425841632,235732.595534218,1063602.99954983,371192.751214217,288242.944471274,169331.41059562,468742.459401251,411264.199866903,190789.423639329,809303.657737306,259034.867047409,260364.722829195,413617.076252847,323357.215116135,372313.044244849
2069,278013.376042513,204068.431040341,256995.760711941,715173.966191374,394597.227628941,397366.167399375,223488.446544025,424603.135041177,574738.979834669,1095088.62760036,158640.083015035,219327.813779342,334445.742162273,578801.713061682,464763.663445282,280670.983393379
2070,42479.1731279921,494198.44920516,650736.255751541,631810.610534516,160573.718812314,476521.206918548,288189.364376185,2004628.31746945,802367.829182556,392761.608894279,189218.959224291,187222.178394221,313113.994111353,179088.638780381,379873.022021191,236294.740672997
2071,212786.354847747,312358.171206351,478801.759702859,379322.918062551,205870.836577664,324728.999437412,787834.877637215,288929.978767852,645535.92758103,243649.034211891,574879.38343361,183262.449305642,529979.013896255,203736.318977094,394102.725438565,191036.511512441
2072,309347.327579807,77205.7817375465,107734.430949678,581565.272839155,136826.341827128,476818.472664866,514513.355310056,676376.029906698,403312.539897862,663357.236957736,747608.421654718,332544.304377195,831469.842936458,373853.937319795,368609.419179382,678223.721981316
2073,126776.081929156,150680.98807177,304614.281321154,1320471.50784751,1074532.61762292,419993.076429651,333104.654612891,542507.532154247,810107.04295398,887493.438610652,401027.186710873,166666.014472961,133833.794035858,701206.868774982,227602.904864418,143277.526489275
2074,181221.683370265,215813.421381049,387375.064235219,318087.931560116,434070.657343432,801250.116394698,306065.852687712,633535.691591199,346624.665137195,970396.30193904,261229.503883451,270783.926982635,514877.263793175,213404.040778398,265024.05045574,275416.9028661
2075,250375.378690848,117610.617395299,384351.406487878,196357.219422085,340070.857421247,405755.216121427,124135.65436703,1153772.81538009,905324.419215052,286833.167253661,552634.675924262,333572.866722386,107251.258989081,186677.274359999,858893.327424259,164781.512904235
2076,206685.556381715,445975.895986237,398339.761523482,802407.049316398,287788.692229013,353190.726654956,425605.422254553,564884.017375267,631996.490788747,918313.882370767,918744.475046268,156162.087059646,784397.938500385,1525777.37384196,350439.765468997,417416.057502255
2077,808145.528091041,352899.522418216,208650.002223296,925995.355530866,276673.256523398,275867.554175173,444781.656730907,1068635.66348307,236110.476300124,112396.988846637,271466.927060172,214493.065773636,172098.553376881,729012.312690467,326162.199504823,179507.216433786
2078,356055.997405607,329787.256508505,400365.838771648,955235.840230068,121488.487186573,785644.005671907,720104.600900898,495950.536892221,1147242.45918267,326581.767895088,1098329.08426743,339830.202800213,499664.189906977,300809.064220583,356589.706014352,138020.725847363
2079,316780.958031208,418568.846805681,325778.213926452,831107.696279738,461407.07915223,259762.795152754,596834.197777994,525059.162918054,622461.202087996,370118.554158274,411077.989479564,433391.713369999,273988.495132863,438486.354814138,333725.041604386,511920.42998042
2080,78367.989929342,77012.4050975673,1924271.93372053,539956.108121134,780700.403812036,215701.816379194,577261.519731145,1409755.6768579,462665.066211853,1606584.54148794,957950.227214361,258948.366835011,307076.020020186,628943.146432777,537329.681163628,900829.828176117
2081,479772.512469078,179207.953141336,303719.852070517,720499.029605908,454722.163437462,418088.265370927,253006.711983471,259556.466658707,784236.607291268,639528.595925937,718824.761293128,165302.624138507,86694.5998107104,970721.517678149,419901.344588857,210475.227577092
2082,141587.167998625,150168.3510731,125341.072304034,561957.472788875,735612.76985544,412964.809424963,504310.629152476,1024509.80731275,522440.429634159,1356005.45304178,296198.942195846,266715.753983339,267884.040441057,137006.61802629,303100.27374819,528911.395031372
2083,582872.241246856,621630.893019016,811554.307677353,285432.409922048,546229.24087816,234158.746238358,206897.136203515,254295.976555503,851709.447556625,372440.87432286,821681.951075168,296428.577670062,764113.672147772,291070.722977277,406678.963535132,230388.977738911
2084,340673.395188832,244016.188531681,801912.985619575,270070.372160283,334299.254604729,106245.422989315,228259.455527165,652741.847093734,332291.838749947,1493823.60385697,510177.666403612,221932.393898691,375127.078861235,518791.799450957,107247.659411183,112085.175979672
2085,347336.449712533,124262.520681532,265785.414894332,342630.3594859,215321.005328951,320300.401727405,471420.958724783,913472.67725549,879114.581850064,1878402.59804646,1166786.69998101,189003.579373573,240285.710128573,1315868.87257214,254877.771242647,394603.334322637
2086,393543.122416635,178017.744895126,388610.333034607,930670.9120328,454241.134704568,569272.478178834,427660.129768233,894198.003162215,1213090.12830215,2124103.3727008,708443.636180077,200743.551449724,313147.773294383,1306448.22317472,529333.124477181,233369.926997109
2087,548508.363683859,975220.963529161,659776.435667695,968373.239910756,448629.527391141,282085.858503194,769806.58445513,1260533.50192132,486249.743518407,1549434.68425383,532836.887330342,352952.231620337,314360.186797368,191534.556911399,259428.912698794,231536.432049847
2088,101504.351070619,88830.0766698402,152738.184127754,513878.487958594,248621.347228788,525870.549468965,630131.984620522,1559293.13200341,472225.491737866,388966.438581949,267390.637836341,428089.337930743,236166.779224771,156996.434786103,242038.27561329,553361.665991383
2089,288123.054584542,222144.511810314,830045.725545955,621683.747898925,289438.28903442,446753.979911208,362754.109213949,1148351.98873196,1959853.96023629,636515.876832547,1372664.12171184,213002.706670339,163535.673878104,398356.583139796,874310.100306805,279085.593385887
2090,52705.258089298,334117.768528424,312331.934813271,546272.643862783,895724.698445493,646955.421895768,290052.824473129,1198344.49936184,1042758.8729864,107267.26490355,362932.059787681,450155.18213444,351824.526042136,960410.072535644,199171.239251844,510523.537333576
2091,215734.382444964,470458.588840403,212758.007594329,641333.405239998,578115.293283124,340419.577047757,940892.570198847,461805.104045199,988973.693227034,1344339.4687668,511375.539105786,289369.882484265,229826.730858659,614148.761561076,259568.147444792,298967.370154579
2092,302993.798323485,233433.387397425,390291.422659285,502741.933774637,329513.79484944,137799.192170481,254703.823453831,753753.36547668,1515580.41547807,224732.36764967,471193.317563692,533293.385139136,278352.892203459,279914.120383137,675586.749304359,378072.849185373
2093,339831.515495589,117913.891244309,244370.418583268,801180.939506981,382527.032409294,456844.17042421,524587.459812083,895969.061699357,702432.070187981,473163.344013743,149957.947945679,154919.554471898,216176.74791698,303475.1945152,159432.229694981,292163.20966813
2094,114217.385431564,380169.669146821,297705.67116347,340202.587376477,308248.460364428,439736.120512139,163684.634992086,505805.792728918,2340054.24005593,1952775.64168989,800666.166124265,200472.030691273,440959.811732513,382005.984250925,85617.3507178989,204106.248140746
2095,122721.710204824,152957.927801914,124593.269048342,780663.382694766,665432.061622064,463965.295874613,628413.47292194,926052.517477408,680218.551146463,587137.994485589,466630.317981882,247466.753535383,180881.839186864,359781.927381913,271871.434989337,398504.493578366
2096,245282.194641297,224210.660710099,377775.325225051,504661.720010391,1051991.78350451,307157.521403306,258562.906569384,688113.940734718,801953.627326573,554888.384885537,674576.006308692,609541.16080943,328399.279066999,433683.302323555,626401.345617276,125320.649422714
2097,211793.491077958,355798.426563333,462086.846608176,500439.948041238,489979.471190652,277167.526413493,252557.376596848,523864.671940387,304077.447042067,1251421.44573439,349453.805254442,143766.883425718,328384.870031803,692011.834425503,471875.405399062,285719.565073085
2098,275402.270994132,282151.492704045,637295.737013177,472330.747751216,252730.644750504,346161.271530362,679452.423956263,786372.069664944,1149593.2283707,987916.832274701,309020.478622993,212572.425876619,662705.271276431,331175.194413674,556626.513810648,498722.566948639
2099,174640.874336088,322045.146970664,243660.569054352,610259.124382434,160287.970470834,891604.172009333,429418.375151544,909596.385684133,1138667.49104409,921593.742684788,1205811.60322257,307030.032996684,553066.656969274,191396.925193501,372206.835381577,624720.224831415
2100,116939.810784557,136566.167496492,401844.68709353,354129.207797443,745517.723668809,727898.299274863,395436.422832127,406347.983165293,1570645.63008576,338664.420025905,809808.468621691,375583.747780711,639953.906789563,252035.496206887,208830.130507059,659449.786158212
