"Date","Debits_Sd"
1967,16.4830664992683
1968,16.4002241879953
1969,17.94894454899
1970,16.8477882868673
1971,18.7626472422096
1972,13.2192551522068
1973,11.1958142180574
1974,12.5955339931558
1975,13.2284928114683
1976,12.6126946377151
1977,10.3603914778264
1978,16.8915195348969
1979,21.7943164952906
1980,17.8294109552176
1981,15.5766689117541
1982,12.7804641865644
1983,17.1321012504344
1984,15.2281883805474
1985,14.4396870209716
1986,12.4690562293941
1987,18.3930219095742
1988,11.8377214812049
1989,14.6392927375957
1990,14.4876399039699
1991,13.5831875747644
1992,12.5721142810515
1993,10.7356208336355
1994,12.7985701145692
1995,16.2234379900032
1996,12.8370842131334
1997,10.8837247946042
1998,15.3965456948115
1999,17.7826813167124
2000,11.3451784783478
2001,22.1076765101513
2002,10.0695705892262
2003,13.1778714821948
2004,14.2618417483321
2005,16.7628096332947
2006,20.2572228703703
2007,14.0720976012529
2008,14.0541921912329
2009,12.3989724183521
2010,11.6891254735229
2011,13.1303323127988
2012,9.21437671722988
2013,20.6522399941835
2014,14.1197947234163
2015,13.4919137257396
2016,11.8063432213329
2017,10.5663436798182
2018,9.93198773139515
