"Date","ACCESS1_0","ACCESS1.3","CanESM2","CNRM","GFDLCM3","GFDLM2G","GFDLM2M","INMCM","IPSL_CM5A_LR","IPSL_CM5A_MR","IPSL_CM5B_LR","MIROC","MIROC5","MPI_LR","MPI_MR","MRI"
2009,2617505.493178,3289484.12116372,2311793.17641007,1831808.64674865,2014677.7676188,1756415.18288594,2019011.13143406,1245005.12231103,2017620.33147143,3109444.42538292,1414818.49698839,1961439.48676105,2470258.0773005,1707777.02561475,2275519.68624424,1802363.31017326
2010,2466044.84866789,2314862.08703871,2819509.17744976,2248488.30854692,1868552.11024348,3104714.09620301,1856154.48982704,1285811.26875963,1672382.72187628,1824970.69832364,1270526.68903296,1629215.15169026,2137439.64768097,1831138.62328185,1966869.81533618,1843324.09711743
2011,1936164.25973472,3407355.58768409,1951552.88056981,2174384.5762583,2631221.29344737,1659481.73546566,1989555.63636226,1586815.42506787,1440133.30163674,1871295.49927304,1758912.25889509,2670927.25534017,2447983.69051921,1978727.75424529,1949668.24489216,1755463.31528202
2012,2605926.73909621,2208589.56724137,2498939.63030102,2236087.82909934,2048053.24142817,1949476.84759672,1973375.12104872,2222667.73996393,1491693.10735018,1460016.57739056,1225259.41066072,2283412.76009996,2068532.62162464,1659976.62079829,1561664.32671006,1977078.41412386
2013,2902691.63640779,2386721.44209274,2131146.32840495,1680104.39444713,2012481.90523972,2231745.17597544,2039185.70923512,2182175.63698751,1778753.46756119,1598084.36927452,1442566.80362613,2454281.11762944,1737780.80768576,1866205.60829211,2236251.49230847,1949037.27318897
2014,2450063.78393025,2700178.13031106,2149673.76888327,2757045.84406956,2517118.70300998,1854877.61243932,1700854.67712668,1110407.14772181,1456861.16445709,1962299.21407296,2223018.93601078,2161526.96179834,2309276.3326936,2308248.48106406,2299022.05196418,2361934.79420817
2015,1874611.55466556,3537459.22134318,2249636.47323904,2004412.95707441,1819340.53089148,2433582.97321019,1671636.34835594,1490718.09264885,1874316.52967369,1854021.34624906,1332071.22750364,2471855.48976525,1742833.82084512,2525514.01763932,1448666.64924591,1380828.54073136
2016,3671046.77019893,2225807.58630421,3380657.98117159,2908253.90963739,1898048.46814735,1536910.06325338,1864431.40689461,1163766.33748323,1548894.41401889,2483953.55556314,1543932.53369598,2373790.85701296,1855408.38250962,1751622.61664568,1663695.24794852,2052792.56259171
2017,2286999.39378936,3421716.17752559,2452195.3061372,1571574.41292336,2163268.58395282,2578692.3066065,1641031.40535268,1189734.45839778,1411117.93308967,1234901.36924441,1416507.68206788,2652206.99665305,1928689.23281598,1525891.65438271,1931507.0085448,2324869.87179246
2018,2960958.21131722,2560076.78189811,1591851.80011478,2113791.35327717,1700051.75578181,1839364.61842908,1971788.98696755,1522472.48081221,2565546.10167362,1958598.30459743,1766051.33380716,2266276.8346762,1847999.9378892,1554847.23915666,1859742.4971907,1337175.61299449
2019,2776649.86392919,2862240.31674549,1859743.48529589,3182693.21243512,1836472.14316525,1487925.60933456,1892746.91038569,1161213.2051348,1545919.50842352,2157514.96503191,1214632.00750259,2308714.8394,2591396.48120367,1591247.76543482,1358648.91112624,1809741.08727732
2020,2646578.49214972,2507238.72376023,2141213.09289747,1930944.65420788,1982808.4861296,2819772.18825381,2628106.90125913,837776.68444594,1739295.26394106,1822843.58957379,1387799.29462942,2047687.20753521,2041351.6295302,1260099.52348049,1718437.82591615,2957416.58282982
2021,2079248.46553312,2751815.37899703,2104698.49199659,2002181.49004026,1828342.44137951,1779134.93583918,1799116.56702997,1014832.95716082,1725095.40573575,1535925.9196002,1677439.32544436,2440809.56486788,1644290.39251086,2053917.09309033,1414484.790346,1516777.56445927
2022,1967739.81579743,2413444.094495,2051636.2948303,2673089.73507333,1775166.37327647,2020926.10910296,2229780.08094212,1004855.25423622,1548080.19043636,2126400.45831394,2167016.75384766,1625665.92334821,2293494.68852633,1658334.30653074,1625649.91454173,1803081.80347718
2023,2398746.46553518,2921654.04996562,2086714.88329749,1748969.55926488,2305774.05123636,2308914.14227808,1835076.7346306,1486925.50530127,1561523.44719273,1975270.62136228,1529433.36549985,2111345.53448676,2059980.77923749,1704753.50788008,1896199.67763194,2164109.46784189
2024,2406210.75903661,2261112.71269082,2074928.91357976,3121820.03130469,2186281.22090567,1863792.72277562,2042783.89154584,1339308.54345232,1961133.91582412,1832831.20025119,1677574.02494932,1820292.95628201,2198088.15050417,1388435.04055147,1661779.89228724,1901041.18846823
2025,2313108.95034315,2672567.106069,2605934.89650345,2281903.46598131,1635595.26217837,1871755.11431867,2689650.40069016,1881652.94801035,1579785.14316122,1937101.1735049,1006067.74252192,1873318.90142909,2212713.38484448,2154559.19330888,1180392.23697415,1076099.98181178
2026,2340864.12391508,2235660.12348085,1963747.51039678,1825563.61712036,1658645.79850808,2379874.63209521,1983497.31786096,2093682.13754294,2333503.26360448,1956263.23844509,1548087.07421857,1780470.52542846,2274315.7726267,1481306.66018969,1637555.12317135,1782380.43138157
2027,2240947.3443245,2161803.02107569,1595248.74709326,3059306.48353448,1967442.09900493,1986878.15490189,1489443.443042,1166590.21442435,1682743.48746542,1407488.34045089,1482236.92095471,1371275.21702678,1616134.63584144,1789356.38779235,1803923.92402246,2325275.35153427
2028,2330931.95105693,3017906.61666476,1922055.61988375,2438490.9807956,1846470.66021118,1654412.20916863,1878762.22852806,1307824.82972711,1710010.12941953,2067840.42996228,1705346.67016085,2201068.95434904,1763447.34967657,1571582.64600739,1416528.47847649,1611534.94062066
2029,2839675.96216867,2186941.64458078,2427880.48847244,1670547.96080039,2098376.00199421,1944470.11881577,2065233.13578704,1432208.88943118,1668012.04876753,1833357.25442991,1529955.78257157,2041915.83451198,2012628.53957038,1587350.10221537,2521615.23581562,1482854.27678787
2030,1995656.58037738,3200472.61795466,1805317.78476501,1993505.35715774,1906888.08689167,2116645.71226949,1917020.54297705,1634033.53217584,1610388.32180424,1666458.04898143,1520232.67798999,2104195.56952914,2502231.0849259,1741179.25802898,1555709.26550555,1456539.03357384
2031,2382958.20682771,2966552.98336189,2137165.2140272,1745155.3200372,1837438.86580477,1530979.1541571,1951632.76278046,1079538.36021743,1588508.05241852,1524623.28290414,2060062.84907448,1765964.35644225,1975693.02065964,1429362.98835272,1790661.65044123,1383505.14365091
2032,2898085.33351723,3074146.70993835,1916019.13826188,2351939.52268078,1740637.19419953,1230148.56459291,2150700.4680034,1892210.97353172,2268025.23872119,1568950.35554492,1567373.8630433,2413577.05277721,1549796.176059,2286800.46832908,1382832.09403322,1360373.79874352
2033,3257842.74110233,2547093.31877572,2631373.22999317,1374855.3307218,1925923.46322323,1455849.68531304,2145909.12152564,896013.339243661,1718294.54048545,1395805.38595938,1047239.88611479,1861755.20812648,1698395.07415178,2054265.2569669,1726094.80040429,1920278.37909671
2034,2561426.72629254,3658860.00074205,1827536.70401811,1691432.38532264,1800694.96183308,2190300.29732759,1369299.83327766,1856015.96236405,2103302.58313884,1429879.67726157,1293997.86607536,2334916.04353646,1801697.8503528,1739708.51483825,1753731.18327917,1109535.76491472
2035,2729805.64560595,2371918.7563653,1707243.14189083,2237176.74427102,1628568.2142981,1966622.40078678,1788818.80773702,1069662.49820547,1381498.44817658,1787135.6971349,1167998.84009912,1995917.30226306,1724064.31572786,1850120.64943162,1442804.56353336,1639964.59591855
2036,2328976.80925209,2266112.96928647,1828072.15372398,1748762.81452098,2008848.55673873,1753954.07155684,2361312.05387037,1196198.49620755,1774412.23614485,1474643.56440823,1425532.33466784,2113779.81823101,1846087.91306852,1182739.27663034,1563430.66614096,2128524.90795477
2037,2477438.567261,2151116.59311932,2314173.53774633,1731165.7745777,1473554.39363103,1234105.74027531,2098673.51636395,924639.308077346,1608579.71317098,1443529.10815544,1764582.42975241,2565171.40147829,2218959.53998788,1307445.40084192,1724496.69859725,1326807.82498428
2038,2435133.81012424,1484743.65340583,2099820.95884408,2046255.62546268,1749183.70812853,1853504.2968182,1374380.63984155,1081803.53828662,1543975.62093522,1374553.10286259,1401557.46897171,2595245.43070911,2787552.67461447,1422482.75671694,1544553.02137335,1510912.11150239
2039,2264313.77901669,2330499.01133593,2531514.06208262,1627992.86057692,1741871.37225633,2522674.79673819,1967108.94105079,1153190.79211344,1555211.98790126,1799243.79891546,1520748.96022951,2428861.50009997,1658864.30801844,1699777.83837881,1506465.24793651,2028533.10719608
2040,2456400.65375968,2420475.98748403,1226003.37243402,1755456.37998781,2275880.68376243,1537396.00260255,1407472.86126965,2146283.47718562,1076652.83662146,1675711.69126636,1397750.39243834,1716567.10578981,1867858.51513186,1462133.53664668,1804739.07023189,1261838.32237101
2041,2693226.81478302,3969382.63474248,1920194.88496647,1818215.92338442,1487708.56827871,1645582.99379521,1531292.8951969,1093941.9991791,1100854.04259501,1520024.48910335,1468678.29077904,1685390.73772206,1719913.5415336,1719022.36486623,1258289.22484881,1939945.16573719
2042,2517562.94867186,2394844.14640691,1409991.74258815,1855316.06399874,1719881.37185916,1154879.78825381,2176025.86149534,1750983.25667467,1235629.05439928,1632969.5631756,1311565.49832071,2363848.81687812,1421821.15940241,1474054.91204257,2058535.39600502,1392131.46393234
2043,2132964.92311951,2673530.76286675,1819576.52779005,1670164.63579468,1735374.68650634,1485080.0655361,1414873.63442053,1011862.08207484,1399506.86323375,1658295.35252553,1728803.57753934,1628371.42465798,2753727.82677848,1913719.56801501,1595641.02235618,1552437.74242555
2044,1917345.04135777,2662921.05512792,2109043.70446933,1486791.41146811,1943499.39633921,1468218.25386068,2161655.06077784,1086469.61924144,1380193.26936808,1521840.49260769,1604312.91806427,2067755.4132522,1702426.75545001,1315235.29147554,1295830.526596,1464941.99416127
2045,1912240.92371062,1984506.01820989,2275386.55909081,1941472.42125229,1874957.24317072,1895595.87436159,1025226.75523571,1228302.05782335,1459135.53030715,2028326.03008398,1250915.61170671,1514585.75415242,1448142.97077587,1317501.95861119,1915881.15547928,1460742.02799509
2046,2202008.09022928,3927233.43636492,2553894.76073658,2206211.09203048,2363586.79804528,1252500.5528451,1772290.36272406,1504576.46418075,1088296.36201049,1347063.9876397,1494897.63261929,2138611.3553357,1636771.34903047,1812456.02220197,2044132.584084,1576333.85000775
2047,2130881.0904984,2603859.6119704,1839463.59460522,1752473.34171769,1819947.84301441,1363139.89727526,1933929.30845157,1451594.07495503,1190931.48205235,1631989.40837367,1550891.38612326,2194365.2686929,1902125.98309392,1275781.43000471,1283997.82702668,1690405.14807306
2048,1865924.53469762,2158041.02234365,1607474.62072178,1916065.76750109,1786747.58957827,1554756.2794997,2162949.96505813,744913.278499568,1319432.04456105,1078324.83779431,1526978.13620546,1424876.75467814,2132270.73677586,1246849.73303867,1432414.30507853,1281872.55521025
2049,1788221.16027274,2432385.717531,1885404.39874067,1759824.64687108,1970007.34795331,1450939.20432309,2209051.27924534,1252164.51106551,1553740.50029437,1389587.11486985,1544255.79005489,1821772.39647036,1868633.83374265,1308482.17989948,2238066.13903715,1484003.2306392
2050,2382581.7003361,3554811.72079345,1675297.70617445,1895396.88543318,2027595.12282304,1310465.94461812,1617740.64565083,1485804.58893648,1410525.40193273,1612557.34605154,1687487.5366284,2013194.06743239,1239175.65180259,1591562.72588628,1643791.05226006,1962049.70198954
2051,1981398.26516368,1885940.41489368,2183963.65398873,1212811.13999267,1543264.81134938,1801508.92488411,1328687.39529126,1721351.37443361,1415565.00306978,1841884.81422858,1202301.06707794,1614923.17888893,1611252.67889345,1341618.67306586,982660.892892391,1138049.07276788
2052,1893725.86497034,2560233.15586264,1866961.09228397,1517912.70454097,1688624.3072322,1379608.99291191,1143169.36343292,1858375.70135223,1585102.36395853,2404504.2491412,1291415.37311149,2696053.91556408,1793292.76237835,2024585.05011142,1177480.29287557,1227366.7305182
2053,1818660.69168459,3266531.77474304,1526885.83434476,1854974.91620957,1572905.38660882,1470494.12198482,1345165.17187022,1009570.34543399,1535832.98338269,1778498.96138016,1117877.02482174,2125640.18285189,1597586.23892155,1311623.07283018,1211305.9534271,1385552.72369422
2054,2464177.51021116,1441846.7246961,2178519.25294931,1500731.24314631,1636333.73032285,1761908.26645682,1728675.62754509,1469173.18229427,1682300.86496086,1452812.99943771,1712480.05867185,2315760.18755964,1504936.13006352,2172174.09412478,1106036.9445904,1083241.93737789
2055,2158623.0622105,2919317.70793861,1284713.22171534,1316471.08418518,1506610.11198592,1361388.25429731,1223955.89760954,1456151.37359455,1464336.14530797,1928698.91488663,1263354.08135239,2184592.24952944,1704140.41772142,1170865.72654758,1964878.1979949,1224375.17110665
2056,2512166.43451824,3530265.57209471,1763171.28823756,1506466.41661823,1590650.97841284,1727085.11493833,1613270.34388595,1250590.84724542,1524684.29830619,1129908.00137773,1096561.91292158,2004854.31729269,1104050.43087276,2178311.8224156,1637741.88898134,1159583.63006588
2057,1475387.16041267,2236199.91862377,1445945.96453727,1636557.78459301,1312047.92100284,2997063.79488497,1870639.28044538,1020509.22852542,1267264.3108837,1264955.26710012,1231070.81491649,1771818.28330983,1239875.06686275,1596549.88732581,2149908.21180034,1755893.49361501
2058,1908255.42698165,1948115.90894187,1151619.57203201,1658590.74069978,1458066.63711917,1772453.15860995,1571501.32965653,1091114.27634144,1873812.63957966,1127519.97908969,1161688.52575911,2156849.14555095,1725490.69301257,1329455.27506187,1774320.91860379,1999436.90676771
2059,1836889.33324325,3508224.29603237,2441418.09752042,1739045.2233865,1715803.12627107,1121368.66182206,1010877.32375139,950305.646428957,1170530.85034364,1666387.38450142,1414256.32293324,1998148.95599045,1881228.9721927,1032571.53452428,1857294.52777996,1264710.60897594
2060,2057019.8240736,2554513.43681234,1131834.72650611,2773840.56400364,1308312.17464315,1405979.75886682,1491352.24195635,1552774.55934961,1086583.86027338,1089933.08480704,917755.959627412,2040154.40183633,1239671.56063048,1616602.39687729,1508698.72027994,1274082.05423886
2061,1975197.27201728,2716525.82303986,1540046.6244601,1996535.60433189,1525961.03975533,1128667.81874502,2237876.90078935,822902.210864424,1131363.90048671,1003348.70062564,1722155.97020897,2095460.1574364,1021714.43634451,990536.994464213,1223387.91164551,1175130.33224273
2062,1832664.01768656,1745827.38846323,1941088.28295076,1316903.28421863,1233388.50812188,1587678.12261981,1245625.9747378,1370409.77086884,1837451.93344011,1384567.97413492,1527535.29652677,2192389.57870101,1427379.61211412,2461895.8383741,1163366.93953185,1152040.83780783
2063,1873458.32488681,2273834.69052285,1331622.00864911,1399421.72037813,1381432.99299231,1734449.09871502,1717748.28875076,763418.468819564,1352145.70332532,1034440.01400231,1009051.85890659,1344702.22147232,1436645.44201637,1873332.26243874,1169567.45436915,671499.791930627
2064,2468706.10328292,1991686.0424333,1914306.44750408,1228926.01215228,1292920.61395192,1159843.88934096,1336908.61130431,1124197.68495855,1153840.2998758,1479471.98750842,1191629.95888774,2027458.11778505,1539005.92113271,1473819.41637404,1637453.00510847,1357178.20646299
2065,2027953.6276371,2339568.48483349,1167423.71817229,1412683.8489848,1308841.35878532,1271822.54149218,1532666.75285888,1021044.96879225,2251031.92621662,943166.190185637,1216535.42352467,1489660.56720341,1153184.6835085,1346220.47386183,1277283.30615687,1083268.87099643
2066,1639837.21832989,2609048.67871264,2521671.40879854,1664710.54703872,1388626.2570085,1196397.50961797,1815748.07286256,1036355.71326809,1592343.71019925,1576688.94829198,1319852.31723903,2218613.36776855,2003604.79363257,1467715.080266,1321460.95801108,1541566.19836303
2067,1854354.80076122,1321733.34686923,1894662.10609209,1626734.41601729,1392561.88940333,1366124.7608274,921525.045125337,1004453.57319662,865966.97548635,1061535.0847481,1198699.65193368,1923911.11730472,1241933.67493517,1383712.20611868,1249599.70575635,1011297.22273239
2068,1542983.31268231,1967527.41076744,1098299.20797974,1609983.29778917,1242427.28015074,1246221.18824644,2772568.74340176,1343610.46434005,1771824.73382375,1314884.40992982,1350401.42602654,1534005.79675784,1279720.06513864,1652584.01738667,958016.580846114,1194306.31898816
2069,1771910.75439561,2335947.98530545,1831836.61091454,1588651.19660602,1379057.05060979,1549446.54962395,1564243.9729972,763796.879303326,1117324.10461186,1012969.00251665,1133256.72170489,870585.920965492,1375387.94625107,1878353.23789039,1319277.97989004,1360823.49719044
2070,1381774.64133106,1462671.29692619,935668.194220034,1213942.81084438,1129176.09527454,1292582.10260969,1605699.78781494,801559.342794763,1086736.28068211,1415153.82290014,1685613.97962641,1194289.53890669,1584904.0721064,861269.602160576,1016535.25120315,1030000.71412105
2071,2117789.92435389,2211044.52176364,1326151.87119544,1922889.04244697,1150576.8401001,772929.994498925,1237757.75966095,1029474.84753436,1153146.74344851,1571866.13696435,1352717.70767271,1603700.77885674,1286313.32495863,1532667.78367894,1438086.3532135,851236.817697717
2072,1936028.1409106,1599746.14192772,1586672.9093176,2176533.27494505,1059047.02035147,1306975.3952012,1642521.91628776,1029249.0241768,1474505.98040016,1299207.88641942,1092182.8792555,957621.523482507,1381555.16629951,1298575.94440419,907162.572226683,859168.496003853
2073,1413749.78782851,2496100.61826843,2007993.90552327,1752931.62875072,1135146.48129665,1494397.83580487,1233631.68234859,731614.957177357,868227.668096458,1220003.32090809,1157463.30590761,1990539.3102686,1192900.97610214,1254446.87455209,1207703.1139833,1388157.20087016
2074,2112805.19586669,2037265.03393462,1662796.09219495,1115132.65556838,1181312.98859611,1171348.45005324,1152513.3338897,1633283.68382453,1365989.26951442,1296764.71828839,842591.676048697,2256527.27527553,1045685.57962379,1440777.82729686,1125729.35193997,1779971.31967169
2075,2321535.75840979,1355536.85837652,1340474.28880128,1625985.29201054,1234719.6371509,1994921.41527647,1208412.57415091,968189.826319707,1101165.49248931,1530892.14243054,1158700.68238029,1055636.68475398,1917546.43556921,1439047.35146865,1241542.54962802,1620901.8747001
2076,1872609.52651854,2416400.91831151,995412.448323697,1352874.93332612,1269053.77143,963406.374744024,1709598.39506927,1477339.76962183,1012502.0504767,1398644.85813628,825167.741431526,1787253.49192618,1003409.93966174,1284512.55579287,1179968.61794017,1188779.1724458
2077,1282667.43677561,2780740.12741783,1910644.43127439,2244242.88975556,1344103.92228419,921660.015020941,1880933.64546414,544820.713433913,2417833.76810671,1004393.01636848,1493526.78294153,862819.987452158,1595359.83980382,1569469.51869548,1484497.55765076,1269980.82345861
2078,1473784.24011231,3161612.10391364,1085491.36535703,1307748.93029937,1101293.25687916,950466.925151925,1483519.45800365,1104067.35231296,824953.301636942,1770292.6435556,1872450.38635106,1340415.06920756,1114928.53968776,1296016.67895529,956290.900847432,1570259.68372163
2079,1787934.94271487,1194554.41244466,1595802.26415989,1633954.40889275,1001979.37356934,1248605.05693977,1013710.48658363,1077157.6028934,916209.877704869,1240311.94872858,2040269.47451943,2037809.22173827,1390949.60155124,1017644.67891182,1149440.99715901,902763.641633147
2080,1917843.36014995,2580637.2103978,1347826.54772935,1750981.25455347,1326050.72348281,1095633.9122618,1172762.18717052,904226.516802351,830677.119610182,1514835.40000886,2063935.46435747,1624105.15850353,1036883.62130132,906581.145254017,801778.720966939,767462.845875295
2081,2362297.35279902,2487791.56333095,1332152.1826266,1076766.50218338,785382.570259992,864627.223278574,1233317.60260426,2214458.17056362,912618.586457476,1614648.84555427,1278117.28775291,1338532.37521667,1255591.38759034,1455165.33363746,869866.406619877,1344098.78232778
2082,1863577.03784197,2573664.49961619,1621338.85067782,1466020.8220458,1041969.88893353,823061.171215498,985411.120661626,1224319.00510756,1559011.17301146,1588495.79772933,1938748.65229223,2473876.42112521,955691.574736513,1317517.95557206,1168350.19495922,1189754.53174882
2083,2113313.38930753,1843635.06595074,1390540.29178109,1789047.52630933,1085122.4535809,1137783.34347181,828026.221190539,1015597.53993681,923919.076071654,950198.550534455,1714321.39593811,1337548.67894841,1418831.45929932,1021558.54940204,873734.38867374,1159163.35431543
2084,2074931.90406973,1733811.79991346,964335.46845418,1649068.13645575,1009218.93347586,924085.357032419,1070940.28582519,662081.349765305,1359655.38716321,1248276.16187735,1312164.52239944,1415247.5173502,831070.928658292,1464678.93086043,751908.32438705,1884575.4894513
2085,2013962.33515975,3615215.09413169,940453.971882281,1904118.92332985,1156309.33815882,1815360.98079616,837990.51899105,853603.348353796,1344618.146323,938947.439254573,1003519.56339268,2439826.9790211,1243094.38613747,1178057.46100544,838342.526009398,859134.438893925
2086,1442537.00969512,987680.023097469,1387696.8195492,1475872.74537289,1005787.46604342,1563436.36876211,1670415.29065464,798662.281971644,1021316.65321627,1350401.435087,1121986.05904708,1988043.81374265,905531.910434931,829741.97049213,1828649.12439616,1049405.23263318
2087,1713320.33898822,1491814.39697281,998802.508110932,1774045.38154623,929561.083552786,800693.025717654,1078908.16448983,1336343.10210678,1347609.88792087,1521426.67846555,977037.605029313,1268033.01521875,1609335.51193548,660439.766433313,1077781.15912993,1343358.45531245
2088,1308179.06881265,1737839.84642868,1305348.61644119,1721088.98257753,846097.828310107,867523.337657856,676970.520659187,1161552.55200875,1686901.35541721,1362021.74081974,756524.59550979,864275.048925739,1040405.30150012,742326.303176857,936072.789862712,934857.882576055
2089,1903107.03405548,2402863.24197225,2228124.12262119,2378685.79464351,1170450.42104536,948474.85781901,761450.962041175,1217187.66595954,995444.274367287,1123190.91754442,735571.408466459,923491.138674934,1278577.64456825,1837214.91167211,1276640.30262084,2402296.73039818
2090,898593.264497042,2028219.65004696,819528.706256503,1646599.86025897,1048782.98674566,1434210.79453436,2049726.40820066,919578.546866589,1146281.14449616,1462458.0835421,1984155.9878804,1132218.83262602,957184.834355286,1483017.66202309,1635932.48526602,1533249.41220218
2091,1210214.52919588,2091627.76259988,1002278.82146528,1786470.91645258,851322.54100386,811417.591437306,1419238.661888,761086.440162465,521263.212363055,1698828.67521193,2226161.61661603,2664612.00721042,1666813.79859413,2161144.5621402,882682.797098549,1314060.76135399
2092,1499121.79697047,1454356.0652423,1446141.37345027,1230855.21070699,784860.738743472,909464.740074786,2846296.14213063,838265.603078373,919720.028282599,1801467.76243848,922180.858560159,1032515.00527416,876666.006368827,1152453.65816513,1394364.16807438,1307597.37208317
2093,1011095.69790847,3091973.95955485,1403278.62427128,2003217.32731494,1296974.89607778,762036.543548766,1279007.99773114,1233642.13513542,1853002.52415902,1187681.90903258,1616482.55055248,2046236.74326219,1039105.49727746,1289454.79829678,1076533.11386071,858692.65214776
2094,2631456.19145334,5054525.01594984,1108443.35961513,1018734.96641063,1270964.2085,732707.345402633,1379532.04304306,1111826.63071831,1727780.76198889,1027711.43553464,870307.356883945,970671.318907657,636533.555807841,1528361.15098167,854400.835360957,1241588.07356272
2095,1750692.36550386,2302021.98577921,1095448.82195345,1441758.31423228,1045380.94064391,1471846.61845045,1354679.98414897,1237839.58618156,1751263.29365845,1541035.29913569,1115680.39527041,1313063.10979569,945204.339776207,1231644.76481643,1124358.94530959,947614.343672491
2096,653719.954097793,1749912.50857113,2050604.05588835,1281514.05605236,830927.661657519,638241.035940836,1366592.01176953,761923.017285741,1576728.94419634,1526328.06730995,1144252.7006749,1512918.03067163,1053177.39308848,1717769.41528618,451525.39841664,950873.402441883
2097,1295701.2226492,2507555.93867269,1281805.33674725,927310.538380905,976871.616256405,1375408.56416779,2296351.87143703,991627.175540094,2138515.04582054,1066041.4901253,1392641.33611333,1571719.25479323,1040775.75020765,729318.450687764,1048175.77589796,1197194.56192049
2098,1443436.48845406,1992629.12989699,1009117.43657332,1508846.90444456,1363924.59422475,1026454.48874163,1238910.12304231,1685255.44761002,1106932.01756346,952005.322754752,1321923.13253177,1392268.06687878,1989797.43787993,794730.419929842,1905301.18468912,906571.818010472
2099,1454084.00551202,3160885.77143257,850556.362206715,2464366.20634889,815257.092301188,833788.013143969,2119745.10676198,1447380.05533109,745932.27291995,1410996.20520729,1083134.60180755,3473844.87348238,728373.479742376,1304094.06049182,838126.663787793,1731903.35783802
2100,1416385.54761253,3427950.46115293,1921850.93162696,2756908.25955116,571697.727196186,1491371.67917572,1218682.93306793,1616941.0286319,1661392.22359326,1967250.34327406,1378733.11375439,1358633.11026701,1570378.54821231,1050313.92495405,699891.334865192,1647525.48328062
