"Date","Debits_Sd"
1967,21.4842123569415
1968,18.749115171498
1969,18.2865138079087
1970,23.726597524119
1971,21.5815337962568
1972,14.0868746863723
1973,18.7555586240588
1974,15.9439759393755
1975,18.429054814599
1976,16.2987508536831
1977,17.3759535292085
1978,21.502878205828
1979,23.3225014593074
1980,23.2107164782314
1981,21.1667750784407
1982,20.879684494878
1983,21.1413939657066
1984,17.4140529987174
1985,20.3042602040824
1986,19.9943417782896
1987,22.5209563614511
1988,18.7377336516842
1989,15.5082273510057
1990,18.3333070902777
1991,19.1253789615822
1992,18.143758402653
1993,20.5086891174656
1994,20.987028270746
1995,22.4614712516239
1996,17.0426463885332
1997,19.3597574620938
1998,19.3394144939508
1999,29.1175961562941
2000,18.7437023046652
2001,26.4676310448689
2002,17.2954307970204
2003,24.095508542458
2004,17.9690487841574
2005,21.1070837805389
2006,24.0513598787131
2007,22.1658774403506
2008,21.6693070695586
2009,20.6986018310706
2010,21.11849816144
2011,18.5303913248716
2012,21.1298899371695
2013,22.6518117473197
2014,19.3962595670439
2015,24.9816406673691
2016,21.881170048746
2017,21.2971831957384
2018,21.7318862065608
