"Date","ACCESS1_0","ACCESS1.3","CanESM2","CNRM","GFDLCM3","GFDLM2G","GFDLM2M","INMCM","IPSL_CM5A_LR","IPSL_CM5A_MR","IPSL_CM5B_LR","MIROC","MIROC5","MPI_LR","MPI_MR","MRI"
2009,293181.295597674,152647.395424834,197257.044923817,300041.893922706,452028.582856213,91275.8377838509,581580.453114563,509166.849308633,200332.031981276,791174.409373066,142117.762306688,110134.158441313,531910.550614957,140758.301207891,717087.059508634,1367184.60638407
2010,276956.847242535,154974.486868783,271066.700911551,738639.781605311,102791.684016932,149482.25755327,173578.848972172,1038316.65122572,527282.063435344,229231.78332682,291567.948502109,84939.0572349061,153577.97199425,183207.012406017,422297.594235238,142126.140495409
2011,26416.9637002765,173571.173289747,170240.537826718,685578.906329956,157006.385916319,231351.096563233,70074.0119084051,645709.736983377,357046.939337397,476930.521582782,451845.111045907,255313.661757804,160009.001031875,206361.912929806,220300.632757982,166621.664529807
2012,245286.803422838,323682.913026602,128474.209600785,589848.222969107,641867.483462641,403653.787961903,327355.834064929,737925.421321915,165141.529331586,452354.833289034,76020.5630677398,238168.688375372,68784.1356479483,318552.343661734,201836.79776179,300571.624366905
2013,298467.331563963,101817.142932151,287617.098996852,226009.076920514,377747.673927678,166423.686977496,363985.742876378,311205.62393712,206147.775553695,643990.515508473,860685.254622592,238731.472881645,362705.780617713,204869.232572858,257368.857267142,121050.620237612
2014,255546.984439013,255981.366066392,240198.46253057,555521.431618324,267791.89438491,1010812.93125605,269259.804567946,590746.835753253,283828.171893103,363537.935576854,386413.737164372,98061.7533535924,189340.111703523,308461.043449051,439197.586296783,372795.947259446
2015,275243.638692283,183553.866449795,299697.987610804,266364.521604594,195046.617904484,241635.459417614,486463.687062496,1398338.08944893,601103.409171,451913.90697747,432472.263214215,179327.701041515,312679.719576437,329886.321691503,415860.051982893,357843.83918675
2016,208407.39983733,107139.863515796,251000.564362542,691459.442735646,572770.292459215,629472.404871544,646872.412369233,277172.464800006,762955.158744763,644208.972507839,261493.708793434,239592.525838174,112618.525656936,467219.33664797,84653.2324998358,181870.470010545
2017,109412.490865922,55580.2846574702,470956.211253675,276031.835781072,401120.853017794,446005.860727932,402635.911973174,285853.310622221,386752.59432427,375765.947045304,460325.28322456,471045.419650668,94922.6342460532,192400.98101103,383901.025055262,311909.923890808
2018,431189.658325356,229051.422669129,119200.676483438,532743.000109749,95244.4913390024,131594.439878409,1014798.72474857,500889.884991738,468341.664157272,890391.971115403,871363.775587346,366628.615980044,175374.437968759,181522.371751507,250073.942193177,298568.923493348
2019,190606.673980485,372051.166447814,148337.170556248,477305.798811689,828372.657546506,394397.552836138,242072.048397929,669867.39094099,171832.27000106,694003.993966714,570795.106529643,146692.433672849,100988.61727054,1090269.66801386,293712.348405806,334782.5376851
2020,218762.087976033,112710.923208025,129838.761245569,306736.609393779,316193.445666575,347467.217168649,250413.527741226,460991.386813132,767039.86256824,331623.081291194,317494.755679442,249954.133042604,316098.986877893,130796.531382452,93809.8449582293,268153.669978487
2021,86010.0846132906,291365.622117664,138906.701177514,167126.498063992,258516.768753655,372304.922031669,805152.006745335,584593.405226868,200620.63928325,704585.365352403,1643869.11760397,199245.523559239,188325.029154525,423813.329273662,172273.813190624,362621.766850732
2022,142620.308147688,185212.45309757,272118.955013658,560769.25554009,254593.102202434,195442.718120272,314502.218315055,431292.579466696,273011.044340644,648485.898887335,315853.487732927,212907.136261017,175646.131003978,396460.814521471,271461.686632201,136741.371249214
2023,65522.5430245019,161037.172516829,293534.70790293,408476.477812919,476642.965514085,268682.551006658,571341.913775888,1012389.68228446,236184.4203057,586997.655277323,376431.473593448,221589.34104298,400285.83586975,232433.829718853,582162.441732216,128153.34031887
2024,177382.923074175,177100.343547291,351185.321632254,525730.57086673,557310.092152003,474761.301004565,377803.875898089,440972.900479585,749601.098477121,502809.381324968,266032.08763446,93094.5121278091,142342.082117507,486531.229874472,268895.891929716,125906.093604721
2025,100787.222616538,271712.834757959,122255.114347871,172627.184828153,128890.930337019,594653.211873577,341960.719870039,636819.868391254,1337946.52618558,428340.156330456,480492.74869001,187539.974081933,304966.697567818,190880.32999315,240821.92042554,271551.289094504
2026,374653.952187944,446779.790634138,105864.163066235,631813.487902596,413675.717581792,131576.090418133,663909.921420443,967245.910089149,234419.189213587,244503.225968868,161233.731459873,228016.927676707,220853.16996816,152624.584465416,85600.507885628,360074.426750097
2027,287848.699011272,99232.2762958817,122534.755494352,937165.557847395,1217577.39257451,233438.173634963,268486.289135149,704327.895473756,772344.229154876,90286.7021433392,770748.239336287,65522.4720725375,396173.565436495,413106.159132009,564329.9301619,194814.089888272
2028,284713.44072118,509555.974122887,426796.105218777,1110967.91210466,283610.889858496,304041.053834788,470874.408812171,832807.184926238,444792.637737757,723417.761179917,311208.31878928,159411.912068018,275920.660383862,157374.619898076,230900.346629522,236485.514665632
2029,291798.961098913,777848.865200159,132145.262620238,921158.134091415,969863.782514924,260481.22302599,377324.236248256,872290.659460098,170357.95061292,376836.387812898,182597.26255389,206685.582573419,321129.294715536,239445.768675377,344649.999478974,382592.750208369
2030,274997.947740368,366984.450464552,95962.5652149366,535782.458985808,262757.279418514,209095.079181375,552345.108643171,626177.555708386,626821.687452692,533826.57961619,966105.553327007,131526.80569854,546082.607369684,302853.552399639,225426.011088382,301561.239585607
2031,141801.594174375,145345.827523285,324140.764254836,696941.966779351,188682.880242373,195549.166175943,198238.208486525,656544.149008347,398026.611278574,136222.351013992,256721.665273846,120858.304891304,238798.606350032,86426.3305560375,137976.305677785,198034.46722049
2032,315198.175215316,427684.077475432,187873.42237214,1313802.38757189,106930.527087783,283111.713984402,500246.935878715,582191.552645562,818086.535214414,434062.549511412,924960.976218665,105546.322976546,134632.741081222,226712.605024365,78820.7139669285,104393.17548985
2033,281401.309383074,118030.616660196,466905.503431931,511207.186804941,104290.333198239,194873.834095045,210830.626564451,388482.275510135,2349079.47284659,826000.115368116,422185.80107181,168192.042317005,109856.617835998,483287.374867479,128539.872808523,318009.879555974
2034,102806.922678468,140599.949765123,230259.900182041,379984.680902862,115903.265111124,991941.800728139,558934.393055256,1007041.41044668,478719.210335488,749687.582874742,282248.271977041,473804.038957816,150997.736540855,234921.349462304,279770.678233893,221104.801114054
2035,280584.974859719,355444.956027227,169106.599633344,598798.934350263,185703.18434409,292136.198323209,288845.111330567,721996.912182621,659730.027574171,1441300.54940454,630994.361589084,257356.195478652,238781.605427523,178384.476615214,426921.487398578,367330.652632777
2036,413182.201359969,162152.12565958,590600.121963536,348675.431156679,386863.638013096,366873.041228416,823475.275928753,811272.356139513,1073869.22487417,253139.226645191,266796.817061699,216291.267292513,279454.394644624,53799.8709241447,275213.676000965,134253.3280385
2037,101377.836925462,124453.15934852,174476.534493986,799154.281585744,507154.405702884,342692.09553986,450778.414934694,767813.354732632,174148.158990662,260326.79455819,604464.906145741,198678.984874233,337692.271179819,106094.511328191,589812.771575002,302367.450751947
2038,402752.19150444,176733.744670662,436710.63811773,350103.792415947,224879.963687183,243037.215362694,469734.428215861,915949.921654912,294190.579941967,890869.137539875,224430.951534791,188673.392528022,460458.726649893,1299206.52307085,587985.024812746,68786.556575152
2039,204189.952946843,102717.572846808,414735.919199006,884865.693536942,343598.917838807,962079.268456472,389735.50367778,585001.0994371,601942.20189205,602176.170448696,438415.655699542,187152.911034745,183824.9025336,436446.164687229,290758.876304389,259836.613776835
2040,135713.485632972,344720.507712191,67170.1750085105,407336.605417724,896991.059951597,185354.925463399,257877.734814787,887404.143889253,763451.20565807,231814.235270271,805049.989103514,223991.773016517,420321.995371805,280653.058216875,290817.846588865,193140.01823362
2041,324785.261783227,263206.567983064,629185.70913925,455329.38511934,335253.19758795,320684.034399655,405490.652754412,1339998.1147419,608191.600898329,475251.069723404,652597.476863501,449796.627148092,169803.321415226,356364.848617412,235543.301239299,262743.387877014
2042,415310.547484609,273609.570661823,102760.976850348,766155.113963166,558404.70220887,411248.289477823,1177501.85505916,384248.939930815,314480.78846081,427582.60541573,205241.045445407,372271.315798652,291736.206575465,362194.813787396,166267.832603892,112254.638892231
2043,374143.417145359,281050.008654405,81864.6507895843,1180261.68973699,356835.07350842,469133.950465293,588284.457807891,837256.626663215,631441.247875584,304134.756630068,227469.240017491,326097.267142736,456863.866563705,348435.623677452,241432.96772892,187424.344130008
2044,88757.5658286301,106473.011450229,209434.417638542,185601.146803703,485297.156971087,648840.670047786,605399.8366262,895476.255989432,181093.638027833,602477.524432738,1040183.46104816,194711.869267837,374772.649462593,391278.742087798,252647.763035963,246335.463305256
2045,337279.146716183,313524.696682723,271445.168889071,704258.593340849,86562.0708747417,139997.954983851,633343.58661896,931170.028768646,433193.174768819,711363.640699522,304296.447093266,266713.629057662,320482.758663252,285436.166280972,602036.705264161,201816.080806711
2046,276294.171320968,69610.4593045026,196696.214250717,414411.956307969,169285.224274462,302075.317709833,609114.460770224,1344023.12095348,1090310.95140163,201530.548644145,451066.269034555,334047.169061827,298370.164217462,1164259.75282766,320077.075269722,418300.052980097
2047,373486.452059107,220551.761481421,286983.208944505,772864.288846647,130848.362897081,264856.782716115,152117.210789919,500772.228872861,906615.849728563,818168.715559752,945782.873084647,180965.458056027,145309.145957464,171256.329731728,322115.882946977,169260.627807252
2048,703830.653685789,314779.315611172,220895.084449465,453159.130593717,1076959.47473686,359393.823515864,555492.307648323,317044.37912018,824116.577216031,165260.604919141,612035.528035269,252446.756601035,962884.401293445,151738.46211781,550971.960440631,147258.6095993
2049,299893.268430422,113028.617758504,189115.215182353,488890.614719032,414536.644271938,312359.165444626,397176.457154174,424793.869149314,680845.520785762,370211.273169003,811377.017100327,374215.097814645,158912.796478771,214127.977478469,699866.88541017,314674.005154573
2050,1127241.78263364,545302.447433429,275918.794241336,731673.830694087,311786.220542122,389138.007706115,152428.665357679,1789215.63692439,1539797.01782237,326657.751440491,499933.593571571,139422.61013074,463782.210463825,662286.101532745,432151.428390926,398216.845480922
2051,293933.140654698,216240.093798977,299210.506184011,891375.977351437,123250.489772669,477577.65964593,419045.576553187,645632.93363278,478012.138809542,1293181.49522909,490721.902420949,291243.659671634,460013.187348888,715110.435166165,510946.659435622,278620.901497637
2052,93368.0001750301,1957264.66232801,488395.136276117,660148.316515661,397177.86697574,465772.249534948,200824.189032548,835940.508361074,951476.650984351,2015268.49721773,411495.229488954,163572.229267104,434010.07689021,221618.480347752,583891.863087108,302283.544017917
2053,190125.194060267,198341.716863025,208908.708436998,536042.63627776,270237.491797575,307443.254447191,588301.521100335,944285.392457361,524599.78172298,716924.333512359,400876.484466877,760140.973816141,743933.222392321,271027.988023859,308571.12234331,558822.097304442
2054,610722.90028173,235405.276796076,519029.943854381,521577.679568407,110346.284935471,238551.927127216,252870.713708626,619486.398310178,1140424.11599998,693241.025532956,749615.088447324,240956.660625797,148446.509108703,146164.277255327,660183.075052722,350354.315813039
2055,358234.99411376,203411.030113846,670522.564419378,651322.480915543,159594.604209168,328425.638908209,311098.775153283,940252.30102046,2236825.66812572,859631.410421978,859610.418504523,184755.522792947,561597.701346446,489257.919008236,519622.795993306,563276.161480139
2056,195282.247537856,239310.282062341,201164.650189636,636972.059171127,615947.656677728,455811.888550201,524750.299124844,1329261.3685543,477810.478814655,257722.092468763,599679.181616237,125853.258703166,215946.925216254,496267.497483655,383546.85667768,145264.05796994
2057,777919.507153413,284741.389209171,233368.838849886,712839.786033093,107927.635514446,564724.439171134,886008.972637751,400507.662651497,1384188.99740829,723063.822901844,680791.676637426,339720.115645486,253960.993587505,679892.035896237,573969.15603104,405358.141041396
2058,474580.777201269,357446.345203083,304442.78306542,731704.024270968,164924.600919603,664459.972600381,520938.097298603,719583.573973243,835324.481989961,186406.362217956,424822.097059896,391607.507269685,277659.20837787,195140.319679752,1523217.90772559,248601.900079243
2059,181773.234265726,444424.734134164,230116.459651811,454655.347256292,516171.332289456,229285.286369189,719874.797875786,685056.076699825,839679.591606265,1092062.48422003,760762.304755889,187440.619372553,142201.712480502,588872.893151904,298605.933939304,341031.820361727
2060,219950.273288106,435910.803223936,150643.525536029,901596.413684186,239296.086777098,297691.907471851,337054.852352905,1564536.43201216,1048389.5099613,584351.059152926,479551.707167691,336880.827864491,164375.030581944,736762.262367396,892312.728985866,269295.425469523
2061,201639.725911627,579127.735113879,514944.827639407,1481841.2333576,419851.481698383,437614.199955143,339435.128512254,955812.349983514,720122.813868607,311661.294399946,489181.499082564,217472.639791168,142392.426593318,286592.398960845,498493.745141525,630890.570809788
2062,433985.921504936,651212.571793985,257741.299805799,1012495.03347798,444802.003780412,348149.729643581,468842.703760728,772686.379737973,1041542.03552754,604327.816440098,1241356.98402013,267729.378238524,193235.386997722,637319.194788547,367681.284598211,437986.644484811
2063,729836.964212689,244289.949528217,398318.456109499,762932.099402202,470496.077903569,224559.739874644,716562.969107924,541433.856545482,1387726.11523035,564484.277210248,564520.925997609,426430.403101858,101928.669935834,690739.826194258,466492.907123736,250805.354107298
2064,301182.476341359,320636.020739398,395678.924413294,876162.774217752,169896.602860844,398942.400935245,428022.606207454,913551.456408566,871846.773004031,448468.26791567,253726.454810227,295704.519468031,142660.283251959,504888.987518595,495777.410387368,661208.530017309
2065,515742.821594253,113811.065725844,340887.221819564,779348.030479312,378989.188578483,271586.856178046,118477.81779424,1306264.27812387,1249934.32379693,844903.61859097,429589.358142508,136075.361506426,603467.668001704,549420.597550065,274117.81586944,484169.914406562
2066,721611.667689283,469170.001278276,378770.933510083,795592.669824846,466368.516015757,549659.871876217,523483.321330097,953471.048413913,1852149.36809938,617732.670876281,314639.33670406,469581.721251403,310680.272478035,257138.445573524,250555.38220532,329938.119706516
2067,480783.726336978,80652.2964015341,455902.601195425,1324861.32280659,132370.663958025,284577.38389427,129070.483286623,493705.975094332,415709.300893065,246612.369905075,1216913.69512145,661841.761688026,202807.824630291,159137.199016802,904707.880279572,218861.832120096
2068,420872.055421859,166368.925064935,123162.657314008,549511.6690245,666972.683265526,1068672.83719419,361773.307793588,1073994.08339144,573632.139080834,565292.482722796,979781.54944106,268743.456609572,186548.277767058,567433.76863987,241793.117011276,828951.02107986
2069,295103.929840009,314073.319681486,409793.381077248,853022.088768056,914542.429619874,473829.15562843,578240.728251803,203476.283625851,653878.564721134,888469.769905024,491863.038819263,530615.970869511,710257.720147561,621487.811291527,621092.615548651,432537.166509306
2070,410238.103164902,155766.218785902,902051.194519388,356679.596228926,163210.793445325,599835.289865218,997206.370774229,868008.918750039,452555.658279295,573902.791073149,993467.078671032,387391.78714505,151896.464711797,324467.120853311,180597.671355807,461192.412194065
2071,218455.76808228,232399.823164453,560017.337720089,499089.964282697,357141.259510778,658908.918436794,280061.468509389,495314.225450589,566327.441301074,422453.915379412,1468290.88217051,286528.074503139,247897.496502871,249808.840672531,692090.076285062,1039326.51085008
2072,171940.086842902,94274.7724820313,1053942.06123173,448110.195813657,389052.066711793,242512.714909728,284434.737837057,722909.407831436,2199077.78817369,896494.457494483,726086.168479973,313658.414309135,273122.743356086,353730.74050512,182301.572616248,462503.896615045
2073,473300.054609997,1824298.26690106,225799.915786253,589515.550260326,775191.143611458,716461.517864826,250896.625724844,661961.11259178,382232.005862433,632929.463029968,998474.325683604,109365.071608128,484880.587480174,727961.75532576,247076.077227121,554573.931880669
2074,327496.937737415,462890.949527507,173514.785800045,801361.340109459,275141.089196814,405686.929478803,317315.373768391,1688004.89053044,675249.94607003,843050.972782847,864350.367282268,250532.207740294,271593.108822735,436668.378568033,634108.220109143,784044.7807361
2075,274371.269365016,228779.327921109,893546.2903737,721913.751826846,107562.114783378,543283.928114273,409787.313537815,394692.938200212,901341.321411793,1242609.51884991,1505839.74857596,306509.912129879,449395.505459578,753922.376353944,1219836.18098131,841149.086285242
2076,375203.829012728,239164.605357382,440552.795335473,692327.210204421,124693.561827378,730480.829643262,1231070.68829392,576941.506270414,1219079.82084011,826887.53994629,359144.176020969,450120.643707291,848497.587684956,1431452.77329815,964219.55422809,265735.236178151
2077,237534.846327897,463682.358515834,655659.555614654,838796.453401893,883687.895565229,654077.463838289,326717.533521877,283900.994206676,933824.668053315,1201974.42955452,959088.943603339,513845.055877959,779081.104433826,712928.288914763,563918.828144183,200802.687259957
2078,356373.774631294,404622.011012172,376008.064463736,647016.559445321,569184.827894493,283648.253283887,557156.497778978,508499.50557862,668652.592425215,1483719.32567883,635784.131897498,258406.847933939,149934.105263347,1038725.55873629,1745836.22263601,407640.999323361
2079,404866.803970403,163677.509954462,483338.546729448,1188535.1135829,379667.629410251,431535.182548065,299966.177972266,722089.196758697,1143783.60330145,308662.227090842,1054205.16475179,344191.418071554,241391.681533401,311065.27277864,870243.455604096,337636.578946203
2080,560012.845451457,481212.260045379,366863.843393038,925659.085979238,1413986.76493847,548006.493485727,667639.683902023,584025.992069083,586774.108499977,700771.463675537,508184.853975436,451365.424518787,206704.957109904,268433.73307214,466966.717582419,130681.842023108
2081,529851.113484864,396797.726149664,461209.686357998,921895.234908708,173748.879372741,355746.183043317,602199.342825251,1398660.02295286,1048495.24603255,1298760.29948596,856490.840642411,264768.788549526,186640.652062704,399383.308956201,441948.018485855,336753.139373087
2082,500474.964867428,909884.309513708,235859.093804703,1010640.03622772,338760.768318245,165664.708631605,195422.785728299,210746.500401757,833868.162547596,2071128.50469545,1872776.13559105,191206.672962609,574139.258897849,319186.644925927,590902.172594171,332321.585516994
2083,152410.216096256,193385.315971858,761110.413797831,645692.610716188,527749.245974981,335229.147170995,537121.382008042,1023794.97302346,2640372.82010828,509121.234769539,783173.861469233,492870.598341845,663649.943356672,810069.76059989,742382.263349724,272829.347351964
2084,75360.375139942,347387.915896474,233855.713055116,1099846.66609312,1123774.14143904,402589.983433095,431707.283484471,546846.062048185,1645987.45824143,720798.461205507,780961.799107062,242072.254765968,550953.352322208,499930.136248209,189311.301058807,503112.73383501
2085,246851.106385472,530202.933369808,794258.311886822,1205117.67278094,364808.80515073,617688.917788065,162429.174201908,644330.468021196,2229462.33696424,624842.19983848,655023.098655998,264433.708905346,396080.251897392,775133.050531952,169519.425155882,452501.05580409
2086,537394.044298215,71018.6885037386,434291.006183973,387526.468076903,773614.725040569,478501.053637274,1453975.07615502,661908.606863399,826425.295255971,1019963.37704558,1102259.40511585,509316.792718622,270600.223785336,235535.057494922,590306.579540577,439215.697398188
2087,511772.677454825,57927.8128815204,455874.408463078,722758.602492634,283090.251972244,679144.363467081,379893.46632438,776149.929407845,1120821.56083579,1352998.70704467,904675.331789404,220142.759045041,1244611.11912088,272213.624355071,1023918.67930142,172961.830130909
2088,797066.24501691,596702.507257133,383086.142145483,722039.495106471,347221.431207713,286636.681722845,153872.617576438,1229365.53818004,1174365.45630542,1728291.62912437,852086.846399432,470464.596983121,428057.7167806,363610.421254501,494970.254333054,390551.057695764
2089,308826.882131599,881090.956192003,1838924.39610479,1614281.89881621,223742.426372413,209023.211357387,464682.401647708,839078.245330887,2849334.56916501,916135.429841196,319190.638756473,435442.686460319,307393.840507259,330576.950023473,317479.669886334,192473.462144949
2090,78910.3717276184,222105.129798281,220685.328465121,1121198.78147116,155293.467518151,376413.529581122,439370.215826907,558765.677571643,699053.081291077,652931.372727465,897822.069223651,389863.252366941,613041.367824059,154072.174392049,661033.248855773,552935.631077357
2091,875906.069104454,742016.396864479,622784.569962608,1604410.54353723,447154.535770666,177724.480150096,437148.624485183,573724.320009121,222515.265197033,1560863.72351234,1518812.37521931,683257.495513101,250367.629580003,1086917.53247684,375228.523287706,141797.976612925
2092,851501.424427679,378384.797633491,261515.324094643,1246220.41927739,506077.363765301,535068.128515386,610504.813387546,774188.711017636,715439.996711497,670015.509198905,197804.512542883,462979.928204393,838486.312388348,295133.694853508,896230.721329701,466896.715765741
2093,682574.46350758,307912.140696866,515873.615668664,1153712.68680532,1083457.71485741,437771.604066189,679378.977582779,875569.217224792,748723.042445985,1122010.34692147,1303387.89601188,532444.851263739,199498.096539355,666736.510595071,687964.277913993,196640.13429604
2094,671142.637382236,806858.002610553,296364.207318837,530068.298354542,636450.845660853,367294.437244536,972769.662039182,1041433.45391178,3129015.40997308,594937.097433259,1106153.64045148,292236.439913871,268422.976853139,237506.808544737,238088.686519019,423627.504796674
2095,371828.96154869,1240743.93280842,491805.965123071,965283.574143332,932180.035292562,776437.511401835,569563.499634404,397757.831116775,357071.012643164,1168243.37484897,806123.215899573,633838.559589448,534511.165009323,696720.49157607,268851.065165402,335429.680041786
2096,115713.974625876,426006.245664836,585761.763292424,1020348.70599798,536216.618896105,336360.680921758,1140018.85842634,358634.162909033,1877317.45812537,1303396.51178698,402517.907213011,548873.284111652,478514.137163378,738824.853035047,262410.819459347,95879.4780378194
2097,893512.090569277,408991.384227731,809629.51484003,857714.417675216,695709.158330653,288076.532955625,618379.042929602,620103.112608174,2586207.50000802,551631.188585114,1022901.30648171,1065257.39148044,138041.851602182,622597.900958739,1204897.23910423,838770.426386699
2098,328115.054257363,640288.202442432,352496.465571331,878799.801233076,67123.1960416089,705288.793450147,418711.374068745,1186701.34236341,1687068.13109526,1226689.27856135,963706.486962381,620378.382414934,618552.219982671,369961.693019456,811972.704059065,633623.467085826
2099,463786.071855299,274389.05791832,266664.909124377,1038856.55831047,612728.096897239,147908.344443432,812359.77661466,1572280.48569567,1407725.85718528,429506.095968446,409964.831674051,398067.216328629,444827.280108217,687191.917267984,926346.497773026,756187.269981923
2100,136760.217734861,1442161.11761088,930394.903063213,2388987.47419684,594451.650769404,290941.928491733,841852.152869627,1295017.7042385,2605184.91636721,792947.686131731,1156453.93870229,446529.565955882,592691.323493228,347878.349480938,361750.335867894,1755227.24200769
