"Date","ACCESS1_0","ACCESS1.3","CanESM2","CNRM","GFDLCM3","GFDLM2G","GFDLM2M","INMCM","IPSL_CM5A_LR","IPSL_CM5A_MR","IPSL_CM5B_LR","MIROC","MIROC5","MPI_LR","MPI_MR","MRI"
1967,2162554.8139954,2335187.97683034,1711521.97463621,1834006.92188848,1598489.94698336,1397462.9338396,1330808.6345823,1154688.70179186,1592807.88289958,1549100.97779115,1819733.35355878,1179503.37153979,2218723.68998723,1561336.16179168,1801548.46893138,1722070.42125929
1968,2008700.50754774,2313354.35204296,2033436.66091303,1571665.44247077,1522499.06330501,1544506.88998303,1478671.50755301,1147221.02230696,1394196.39512698,1665565.35165683,1678779.96774169,1757712.93563579,1432319.51899219,1658344.13340465,1622263.23577649,1488973.20398718
1969,2456701.93164719,2562881.00379806,1929341.37007408,1493522.97198894,1773510.23278665,1796440.6658709,1344631.55734394,1361571.44945934,1705266.38787315,1840276.35780706,1388420.67641988,1458649.99905156,1525164.43002344,1765958.64412969,1381209.23168107,1949520.2790995
1970,2339549.05450668,2310921.9862392,1814150.37835866,1914669.69983743,1006021.15108853,1384555.16336844,2475094.05496162,1362080.52785995,1407629.58951201,1995558.18845996,1522147.41467719,1377099.70893633,1710257.55633345,1332745.32146692,1817888.35290402,1828505.36522787
1971,2774780.09512057,1697509.87518993,1772524.60415243,1349761.97058432,1684629.03615885,1990990.84843073,2172504.94612175,1313634.37044402,1925580.78656798,2184020.76070917,1528672.81683849,1529879.76380118,1396032.1224453,1923342.45998031,1438853.20080482,1916107.9819139
1972,2048209.89819185,2636976.33571851,1893066.53506608,2138859.22481035,1562386.03879956,2497949.30531771,2073778.35684892,1643540.18990651,1345184.9210858,2069628.19304475,1902913.17771315,1534344.9097856,1696718.27860545,2110686.91382845,1590474.35535366,1489277.23014889
1973,1542006.59319306,2517319.27541402,2066640.36716671,2332494.2365385,1668367.45523043,2007450.27338528,2141095.67972029,1307225.33742345,2287482.84805708,1915805.06038934,2575032.20600518,2008260.05125374,1799506.43862621,1296250.0701659,1611592.392399,1204000.55623671
1974,1993529.82242402,2679680.06558161,2207913.84114525,1359319.37466773,1800425.46652209,2578555.31340031,2069130.40825651,1355272.84711497,1395536.10433493,1711950.0271365,1199952.3454252,1813686.59819576,1592796.31558252,1490764.08463899,2261687.86246848,2376456.17113024
1975,2349848.99647877,2572296.35425325,1575914.81952672,2163961.73812452,1717941.92350367,2108217.02801821,1358556.46064462,1172408.29563127,2062113.90480658,1544898.73379822,1164656.80573997,1318221.70426071,1665121.18040445,1514861.27525922,1950850.85487765,1266844.15242996
1976,2310859.77109528,1800874.39475162,2413237.11315215,1537666.19542362,1084267.63886534,1643984.52719718,1654934.13590884,1393866.62033893,1401008.60842182,1578190.92242082,1917017.38524928,1612827.3941063,1780270.9326421,1557612.44032396,1953676.70752985,1530742.20818699
1977,1803410.82809134,2560257.96682486,1854797.96284522,2248503.50549058,2040927.88730448,2481002.20040658,2115403.93508108,1661267.70991264,1705328.26479142,1156184.91718197,1382337.84001366,1594065.30738266,1802256.0315064,1560905.71394307,1059976.69880635,1701097.27863229
1978,2623312.41390902,2458407.21455404,2129401.86033861,1979815.29106539,1702196.80478923,1776344.41207902,1887335.64401745,1662095.78458413,1633037.49432149,1805313.98426627,1571613.34817567,1966722.45275638,1876662.41083223,1864489.15688922,1061692.43346991,2662359.22670475
1979,2325802.86696985,1856341.49924951,2127177.35766006,2220849.37956957,1400920.78706947,2810599.11745479,1346348.601879,949310.466319578,2415026.83699081,1955798.55412203,1198350.99159179,1796715.5559354,1920227.0703653,1755190.57050339,1613537.46272213,1905636.00982789
1980,2485793.92644555,2631335.22641906,2510907.91103984,1685910.19723659,2065146.51924949,1580043.31009674,1504202.89010727,1308853.5792482,1633030.10001408,1717589.45238373,1734703.69298564,1747568.53068752,1607548.54173475,1690976.56015479,2273622.34317091,1179301.14620224
1981,1543964.09448697,2764692.32071059,1849528.47746787,2403751.90817189,1772308.13052316,2080742.27065527,1242884.90176014,1416464.06329771,1690868.28653215,1575138.31140995,1571059.98302239,1804184.57134313,1779903.53185808,1343268.46647977,1154417.08682935,1582646.77227639
1982,2226699.49350244,2411833.0279621,1747317.88925186,1770732.18800495,1503492.07663622,1107966.37843915,1326077.17219653,1475557.59821294,1341597.05885478,1603117.6316013,1857137.56191932,1547189.4173387,1568158.32249283,1345761.6082548,1603174.89409891,1860040.02830655
1983,2340489.01444027,1873738.54225107,2371142.78317528,1254348.72463857,1712188.60917671,1322256.33059536,2816157.23580782,1053908.28672778,1196767.57557858,1962486.02127588,1464576.39444981,1500740.26582711,1751327.49736238,1116529.43596739,1900102.93887555,1327055.30051749
1984,1741442.23272142,1950128.18821968,2517597.59745485,2357163.32553863,1912438.80096969,2388972.73468302,2561984.11266574,1205167.54201021,1655968.62558254,1751994.92065312,2074241.65784984,1543686.53029615,1748376.28053725,1889080.05623354,1582755.91132157,1634484.0806799
1985,1715776.43010255,2434578.3794417,2770541.90572194,1369585.79001415,1544905.90783484,1435665.58226167,1189030.72991439,838032.568377982,1630152.05059435,1515699.28219454,1508865.61412365,1835470.64340232,1591437.98209494,1225917.21021551,1940648.96780237,2110892.45950359
1986,2377433.87336494,1959669.2245814,2034263.66105234,1262177.74499019,1398582.79567163,1505708.43071896,2205092.6860289,2043201.51029629,1343649.46113242,1658380.86543821,1229724.60836587,1719942.35765246,2608186.3118265,1596225.95178632,1734778.94922131,1930315.41646347
1987,2142201.06076519,2016959.11801235,2088891.7853486,2321165.0093989,1381868.24046555,1781353.90362942,2408922.80713691,895711.773072721,2085363.46840337,1701761.26854372,1421470.82660684,2093970.2893302,2151651.09085802,1437528.098276,1314487.69422182,1790906.09077743
1988,2271339.48376488,2294298.39417938,2044755.03021944,1803044.33527935,1888804.9642982,1989245.59318798,1410363.597018,1651316.28546373,1825554.19583027,1433156.92094126,1720365.62568263,1714296.00922862,1443184.95322395,1602203.42504277,1777427.79500077,1381273.28871377
1989,2044501.54629074,2881268.51385904,2090668.24890645,1746082.82416244,1935828.04316454,2005998.0637792,2002140.75115219,1116160.83665597,1684877.20543515,1750158.11447442,1613562.35399559,1842933.4525537,2185475.81651457,1662291.27857478,1741028.31108416,1678034.07284909
1990,2153389.66391048,2214456.54713514,1912546.84950921,1622971.66896111,1269860.12297722,1744423.44149074,2200394.21121293,1024881.81970009,1160790.83503005,1571465.68980852,1414748.86951021,2499558.26684658,1739731.11494803,1823142.55236605,1761657.5759488,2022629.601362
1991,1639246.97385241,1777753.21894368,2448989.56922256,1766374.38767542,1619413.19160148,1519473.72404013,1546784.07457433,1987435.71741412,1767930.87471433,1427478.51718067,1472146.56345994,1524658.49481337,1862531.87145323,1405011.73795598,1751215.68542374,1718200.61472395
1992,1734901.65606618,2295848.24932621,2172025.49055969,1092291.25016556,1488264.76705796,2030948.54833744,1913871.70391373,1811825.73590627,1981472.50028187,2331129.41143216,1540075.86464554,1947240.84475386,2368868.60746919,1322779.69647215,1537656.76844134,2143307.14409067
1993,1848743.98176106,3114907.27859943,1779081.13239546,2033523.71052594,2100611.25669212,2203001.78230956,1664001.38830213,1464489.99169147,2021534.28574797,1710290.68412056,2111404.0825547,2252008.43881352,1576454.37288498,1636452.3741203,1401441.29108944,2110470.4486976
1994,2245715.42399819,2467616.94497409,2165915.84966169,1259714.55589233,1518384.12448966,1837181.39952947,1889341.32502138,697496.578465342,1560730.69933807,2197903.97096913,1420089.71645742,2048926.97713001,2019706.5824142,1665442.99962847,1489420.32411197,2246565.1607582
1995,2011341.45309094,1917645.11473098,2621191.91501927,1522306.86850418,1311419.02206993,1719326.20576932,1933093.31450596,1115714.80549269,2065590.50978105,1432588.78204389,1759063.13918514,2181190.19564413,1642548.2489402,1788744.65516337,1338641.94408664,1636938.93767739
1996,2433074.92554502,2964975.09365771,2305881.25959623,1499588.44461859,1744280.37948844,1432028.31641415,1784636.47799708,1626949.29978251,2129076.63452768,1967016.25029655,1378900.1511738,2016973.15834802,1716337.48805129,1201684.7665779,1791019.20195363,1877108.71082158
1997,1949749.61038361,3449703.63110821,2936820.4528062,1662261.47933682,1756693.27340752,1461826.98120323,1689468.58238054,2251180.81048384,1742813.17088402,1652354.80188015,1440165.29451726,2841500.18563414,1757808.89345532,1650354.93717704,1675277.33444777,2072195.77837272
1998,1791711.58989041,2540133.61146135,2217030.90275976,1579404.61713744,1848352.79731189,2477234.11680027,2546531.92111059,1044042.74935338,1863979.81184456,1554228.99959629,1683611.51820232,2555100.36499712,2130348.81216647,2516754.05137223,2079924.51912644,2079488.06727452
1999,2161584.03441638,2398163.52312461,1803256.91181863,1462063.49842904,1590406.95694911,2008437.04670387,1551795.92648341,1390084.64501313,1811626.00072165,1643515.73813367,2080276.71857482,1810009.87893577,1864510.63279352,1634460.20260659,1954563.04605331,1493839.72710523
2000,3725982.30869415,3548493.99227849,2862130.95217888,1186874.32945698,1618416.9754019,1892779.4788418,1786368.17528051,1264330.44131915,2593740.07519787,1767532.92716386,1506972.19942918,2258784.83095755,2073688.72265867,1629543.91388738,1093118.99593575,1969891.9518482
2001,1871388.55693288,2178792.86249738,2352522.44923093,1666529.80479726,1539864.29898868,2119619.36706977,1816559.1940946,1334659.29035001,1465901.66220584,2193126.26466006,1756512.45983519,2068997.25935683,1571490.54161683,1580820.89920181,1649938.71444826,2010632.56192567
2002,3221664.20012892,2343891.5787187,2398342.3451341,1556278.76818653,1824917.13586776,1834781.12736383,2577180.40409015,2232548.11856114,2327797.25764985,1764629.83404221,1761577.42741745,2051313.22198973,2319074.41128159,1757653.65838546,1469547.93478049,1727473.56008044
2003,2262735.70654652,2541780.11019736,2189143.84675367,1697177.85986185,1563457.65276987,1553751.81234278,1494665.57487535,1783309.96360795,2322402.57393443,1536544.5581105,1946478.64684723,2737385.75625293,1978167.47178833,2180928.95185142,1945299.91776793,1291593.42747
2004,2507514.96436628,3390044.84449885,1891253.58731512,1811272.19084291,1501213.3862917,2039427.94892525,1906637.36679896,1245943.49593562,2285369.88884263,1538309.60197683,1599418.4494519,1265651.75973136,1978020.11049981,2277885.83040073,1942544.37160852,1462374.6897602
2005,2438148.36351061,2801473.3668449,1803685.30075589,1641325.70764452,1942385.6265443,1363298.37260943,1562695.54967253,956411.60071324,1980668.63064917,1435359.52746388,1970138.78199568,1775019.77065776,1942924.31802458,1959258.08478928,1838139.11606345,2202261.46711093
