"Date","ACCESS1_0","ACCESS1.3","CanESM2","CNRM","GFDLCM3","GFDLM2G","GFDLM2M","INMCM","IPSL_CM5A_LR","IPSL_CM5A_MR","IPSL_CM5B_LR","MIROC","MIROC5","MPI_LR","MPI_MR","MRI"
2009,1358656.93855424,4094390.46496963,1520466.18631552,1845225.23392312,1261246.85951775,1347235.61487708,2191240.96199157,1117535.22898564,925667.271380955,1371629.68836842,794083.951516273,1603215.29130254,2101710.14073665,2457192.27319776,1456559.06899031,1663108.12701153
2010,2482573.87834326,4050335.98322135,2909810.46224534,2233293.59887356,922562.571848576,2293407.75120076,2084936.79848376,918715.695186257,940051.859870097,1050604.58947872,1071444.8284283,1349564.8820225,1505455.97069464,1457872.51066513,1405783.47295719,797582.910480416
2011,1318103.00512663,2141614.98714971,2739012.11161718,1523863.68991251,2337024.0809194,3451842.16662072,1300712.14746777,1271791.70635023,1139172.95104106,1611456.50711489,1163843.65518912,1810176.27981248,1444280.02229798,887212.681546363,1274459.20167619,1598447.69403643
2012,1133169.6592489,3110429.5297098,1992237.58870553,1655457.74518653,1261132.37039964,1153476.67903501,1211364.46232431,1247740.36386626,1368088.23888559,905145.718525894,707069.645003249,3008016.4947898,1688707.20382419,1313546.32707371,1581018.44580281,1730448.85917697
2013,1870960.83014013,2139885.41086325,1149310.9631295,1565466.45961058,1385934.75151359,1358739.69933629,1852518.26179167,1935468.45801488,1619131.45238387,1972724.62467824,1244052.1711477,1323851.75980248,1155627.07160793,1222172.48307948,1287935.81048169,1222270.64228145
2014,1116252.40300017,2626022.61471972,5802784.12206187,2251828.57135387,1404537.12202465,1735988.0597796,2225370.36247111,818935.988242189,1154726.05352524,1180552.95152257,881678.531197518,1544179.50742048,1754640.9928367,1418156.45159582,1171509.0159591,1942313.17480022
2015,1456557.57524978,3546598.62943118,1143120.50464246,1743341.87817959,1447843.85966045,2187525.92132096,2457309.80695949,1404854.37942789,1194983.96777046,1033937.70106631,924187.32637734,2612297.24000229,1175756.06416765,1342878.78529341,2429996.32790191,2557559.81558416
2016,1642909.14382538,3492934.92120188,1626819.36351436,1596361.34288319,795575.099870767,2347867.05368904,1763374.62131359,884216.560821624,1049084.05686881,1249390.90096157,1750151.85556919,1074386.13418556,1438878.03199265,1258514.02993295,2337129.15334006,1743680.43851715
2017,1417665.55622448,1595496.45504922,1506117.00064077,1262616.32562072,1948244.05656508,1927994.85016797,2843602.50725396,1165170.09699212,1390253.49212995,872646.465882957,881954.923795589,1994152.7472443,1256752.00324877,2216072.02675974,1351421.03997823,1972326.88733602
2018,1186870.7626492,3724769.11182705,1362110.97435203,1364727.64248187,1291612.02425181,1494012.64184391,1519807.78989072,936328.949451438,1343870.37291916,1038633.76987877,857187.06771036,1622366.08194625,1110660.82002944,1652894.58538812,1360077.7005617,1040420.12516914
2019,1724477.93888733,2106884.74650923,1757835.40072923,1505122.15250472,1565716.04473734,1719220.76468378,1960853.8549254,959900.513247717,1355370.50052211,989453.796559226,1423768.96869489,1794819.76774384,1432278.37375885,1181010.30416169,1897893.92294614,1591183.71382666
2020,1115945.83828161,2924400.97146597,1527989.08993977,1776729.55354041,1143195.85867567,1584110.99710337,2039814.68289767,1208766.33601871,1381790.19133012,769970.787815246,1025948.19670456,1791133.08821315,990020.326444445,1181535.16093943,1749796.52336202,2095241.39396937
2021,2725938.76091393,1459838.86244771,1553417.75590692,1682848.43769413,1417244.03737969,2406125.56828837,2472671.79376497,1116689.6683387,1061455.88942293,1265608.71984742,931582.721999373,1393150.88081012,1578855.57543424,2096373.48420945,1500075.32406952,1405707.5347541
2022,1377420.62423385,2447786.77664847,1096319.85119319,1983939.67485735,1717528.66017608,1627823.29827476,1264772.47747615,1196295.38890748,1323183.65764671,1878472.09357567,1052691.82788704,1192280.81035975,1456599.11793653,1730074.18625987,1399363.67759651,1643119.64756459
2023,1613396.73042473,2202288.5493415,2741145.27743566,1642657.84386522,1348748.02879476,1109199.74568833,1690028.30766653,2494184.6434184,940840.845353225,952574.846688167,1016131.51293138,1282657.21078761,1251728.34746895,1943983.78998131,2244604.90155113,1749041.16104003
2024,870971.614745031,2783920.98010114,2153537.0275743,3333924.77208822,1278109.92423006,1607148.26899116,1698240.7269557,1010663.91119055,1483349.86629166,1740650.92438954,828325.059243367,1764306.5439862,1142766.69364751,2821291.65125299,1552266.23656078,792344.957127404
2025,1219357.32112991,3686291.59232619,1243623.48236506,1381613.94194604,1427598.19025804,1785846.99349572,3243402.57415629,950031.888306016,953582.97947195,1604105.72081891,1738428.5751371,1130291.97247587,1400233.16948909,1092766.23531496,932517.900529044,2110838.64515815
2026,1002833.37582495,2216217.03017766,1657605.63552708,1527627.2686561,1115627.35057513,1256158.34391322,2196839.56096168,1762936.32499858,785164.746426419,1551957.14928841,1985968.86777149,981508.825215896,1463427.06109751,2382532.96753896,1308091.37238696,1829904.62449107
2027,1032554.52878918,3395503.41632867,1023446.15859218,1217526.89182232,1459991.73635179,2845632.40218126,1514440.12081809,1051861.60673775,1346567.77973629,1220658.4681493,1613320.58393889,1534697.08649562,1310928.78360867,1257443.81055901,2207888.54547445,1371578.19139508
2028,2491530.67856246,1409826.98953321,1556584.46857069,2337000.87346901,1262162.2664592,2295450.71381329,1443381.06151358,1573960.57200206,1828892.52413179,1536301.68304698,800858.954959733,717313.54578571,751679.861371191,1147282.12470326,1582214.84909205,1792952.86596408
2029,1448065.62281496,1510023.7570649,1354513.79815849,1709280.72998775,1258904.60339475,2236725.61597071,1454563.19053919,948671.946979707,788961.033554736,1131489.36691041,1079952.80432155,783011.281378413,963345.645339201,1157450.15909599,1028035.69363014,989695.777585559
2030,1832157.29628198,1719991.35650686,1080770.75998885,1874614.94263656,1774321.03975707,1180793.80479454,3244287.33210798,1563852.22459102,1145946.56791415,1271523.82587245,1069445.82442202,774440.251735187,1730620.15387719,1244794.69074617,1590200.11443426,1582120.05015996
2031,1981124.48895656,2256656.86967699,1655904.01341391,1447700.42686644,1126951.17370413,1914277.09648094,3227921.28159278,864052.366908162,1406033.37459939,1525047.75439883,851290.41466195,1548494.37174042,1764249.64242976,1507426.73844858,1290753.62610829,1699433.88844758
2032,1447928.21495736,2632418.2138946,1457765.74812148,1714675.34945546,1080360.45780711,1703229.27999936,1914780.45824243,1846425.05258814,1055226.76637821,1399057.652047,1157607.42989002,2341773.84040161,1326249.75900707,1266188.69781217,1032627.24567425,1905685.18872461
2033,1377268.24705717,2678155.00820673,1081321.50169959,1451326.55745638,1115363.21614273,1242799.91272849,1586303.46474458,1313396.70865595,1266813.35837957,1479818.11255624,1979091.99591976,1418631.06956294,536372.128053961,2946409.742071,1769946.54191228,1018850.1264176
2034,2202924.76265404,2229498.24307401,1737448.87003428,1525714.09984407,1641452.02716491,1617966.34870788,1452847.64133323,832464.812611966,905325.725518451,792331.022543074,1508449.04412218,1798858.72545476,1333762.61406831,1763194.11547646,1089242.59385203,1532521.97496497
2035,2141977.91120896,2445898.91883804,2334944.99733456,1368371.25149305,948445.061884062,1603160.54508112,1332473.44820211,1230404.57329965,880849.033739315,1198723.02944737,1201335.22279356,1346168.14982664,1060650.13763151,884228.075563758,1022592.16864901,1541435.54972813
2036,1154627.32882794,2813088.65354274,941326.131430794,1513228.34219302,1174165.71691488,1306910.49615363,2131653.63808104,968712.409701253,2500732.39785703,1238246.69392798,1638681.62266848,1008271.0917834,1385712.5075056,2462540.53350999,880465.271411747,1814176.35368081
2037,1908259.17757743,2309178.04235965,1734308.19113894,2801983.86329523,1415488.45818892,1163600.43617599,1385295.37320961,962805.800467204,1282575.74141405,1107108.14247929,1066674.89366642,1329707.93085032,777683.569428515,1330726.79804678,1172984.63387413,1050013.08396575
2038,1647442.47363743,1908971.20528523,1747137.67893485,1111821.17703034,1703595.73316412,1654890.67119633,1258050.68118125,849283.598946845,1383023.87841076,841403.697925029,1088922.20040414,1109553.55553915,1389511.13966922,877245.563098106,759461.786344734,1063159.51706779
2039,1999012.4563813,1704383.14744787,578924.306998929,977995.782452019,1383651.94825888,2290780.40221199,1086315.95968754,3953621.04837366,1717203.05895897,1021601.416966,1100864.56545732,1117475.61188014,1233141.09716615,1228703.33431742,1510287.92060909,3464523.5242351
2040,1353713.1041114,1871701.39403673,928531.991268369,1648503.67135326,1078037.62842237,3586386.50332633,1130053.8222535,1252746.13591522,1354216.93776323,1270365.20281364,1016785.76868961,1378927.47973144,2263585.21073748,1128443.03976627,1055763.20909816,1297645.7210824
2041,1625047.01790153,1956129.21093379,2329841.4095781,1572042.37550192,1781683.57925294,1608516.17424135,1619918.09056938,1214032.63602453,1645959.7125389,653758.496268759,1007089.80601726,1609118.67027033,1239058.74170968,1915792.36264432,1083021.14940851,1671514.34718391
2042,1688746.00680033,2560868.22520274,1274789.42642581,1087256.36584472,1084930.2086438,1318763.92504,1681960.53095463,1224197.58243373,1853733.49272154,1739494.41354505,874029.869392856,1073405.83184059,797335.242568286,1356820.62760139,1369964.85665199,1048803.06803145
2043,1087180.05660505,3579588.67268113,1010459.2674269,1455724.78898297,1346984.93359385,1715471.11869342,1406953.64344826,1053556.3486498,894089.992562343,793696.3890627,1314993.97901305,2545386.42332302,1376227.93056156,1100023.33191911,863949.476925717,1391434.88337404
2044,983606.329535872,3484512.35631851,1535434.21768047,1344432.09949444,1134547.77670318,1715245.8864842,1820938.23177931,1038651.36921862,1230254.26419014,1504519.87094174,1260564.44118232,1235623.71515592,1360675.01739502,1126103.72604437,780332.872758142,1768507.62134162
2045,2189617.14776746,2004602.56652405,1213792.86636973,1205718.7956939,1122353.25373381,1165960.99156039,1235189.43612317,964953.660347113,984869.453827486,967263.114005119,750435.324216328,1183028.61176791,779743.915018871,1150181.14303035,1114913.44938688,1082597.69475278
2046,2297557.3292019,3594031.27369864,1032304.85645158,1452385.26142074,1154199.43216925,2218460.0361795,1724717.18064375,1355885.77376232,866479.971839959,1024769.57289729,1082459.68639376,1374687.78283803,738065.714116728,1285119.52629206,1327380.17665539,1804285.88426754
2047,1640895.63363351,2366619.13518146,1107883.12774829,1981965.26597199,1192549.61759825,1517238.60529793,2507646.87664231,1611743.15036117,782213.555525665,1437633.71722405,920848.167288711,1730231.91659893,1439445.61786751,1399401.57730617,916592.136527491,1812157.44731734
2048,1426170.87676883,2472166.54860985,709046.19181367,1098239.78760903,888402.536439218,1083694.55117461,1887789.82958888,1172174.64358754,1335518.79751386,1186924.38831349,1167298.99209952,2526013.82017454,1651372.24326823,1517746.03612517,1903257.48238581,1686830.02095782
2049,2713013.16212129,2521642.99479471,2173495.48032162,1171099.19415022,1080007.46565206,2306995.36147727,2541818.043914,447776.345327514,1496568.61443719,1322265.25251473,955981.36291462,1427455.29359883,1724657.90080509,2060391.03971982,1648849.23116909,1584935.07781105
2050,1453282.09359475,1414700.71139878,866239.493534749,1361007.97045802,609079.279444408,1955719.31670466,1746722.92048879,1258125.07486292,1136821.98421135,1500147.99430296,1004034.62726841,2575993.21492871,1396417.34748447,1081928.25919531,1665214.59016093,1319207.83647167
2051,948595.57712824,3168921.60859703,3290898.65409071,1552637.70784682,984118.382899456,1740261.67316358,2015275.14910313,1262040.86788959,849666.322886801,835344.851449113,730253.757266322,1121042.95231049,1570344.09267138,1117917.34456735,723196.942600399,1372233.66798637
2052,1413706.71934298,2709442.70690704,7150814.22783667,1044692.54639276,886709.885264772,1131808.05956481,1400643.96527973,1776011.97450199,1009637.72128818,1160307.07645043,756959.531450013,1398867.79314818,1747528.600872,2149010.48849385,1508847.20453763,1004542.45180783
2053,979967.637361642,1977413.16292187,1055984.1979096,1261636.10820787,902624.035683551,2052969.2178413,1391857.46460791,1731712.86158808,1053308.05113395,799202.827813522,761075.221346438,2010665.56997796,2098401.33831215,1464841.93734678,954235.345693738,1646226.67696579
2054,1453003.69376655,1754925.18959506,2276275.32712349,1521122.47142793,1068228.94994041,1777622.9150447,1360339.58655758,1082259.57769075,837564.202817448,953525.297933726,1127339.98537956,847237.999230891,896125.451233242,840917.276954741,986273.535771648,1424516.4385113
2055,1505968.56595826,1843829.39485985,1419676.75811759,3514663.92084472,646857.492143307,1405837.88355397,1363521.13622078,759287.723749156,1437676.32244161,993095.254717949,839389.210061367,1505035.7744922,992423.840005777,840486.703595541,1472058.35166291,1650800.33729853
2056,3420574.567393,2874192.3827722,1145714.93750095,1590276.55993107,970064.607455868,976443.181850148,1539724.901049,853734.167943988,1462518.21700616,860488.027101482,1050081.40400734,1828545.05882768,935316.344859564,1095178.12239211,1893943.6231408,1897258.03116517
2057,1361099.61003683,1834153.87719144,1046638.46414473,4196584.27016497,1096158.21766088,1139965.11686032,1744698.37399374,1949465.9688057,1201060.25290677,840950.676431806,1831848.87763841,1095327.51953922,589831.270719444,2268442.26639147,2108694.48663874,1637470.42342863
2058,1883765.01748679,2382404.74803769,1777191.86162572,1005223.93337424,542222.639309716,1945028.3974932,1382497.75313597,672547.010646316,898684.921140624,746555.972251739,767175.035889213,1220377.18705056,774183.479317048,675297.990869119,1230098.89422075,878019.075614857
2059,2001333.66079911,2415742.15410357,962570.527348579,2141113.01962213,1105050.10363517,1597884.90731264,3374663.92299501,840082.583514247,921751.805872953,1251914.60890605,993072.060542183,960415.21259581,1163562.33722304,2412477.43600944,1533085.13431967,1348286.07807041
2060,1469490.6908784,2812785.996558,1869021.77949036,1248830.79703728,714842.787227282,1416798.74764896,1496512.62708173,608932.383429671,991081.463162864,789263.939699347,1016448.9055811,2160118.88910716,1507974.47805464,1124042.73263481,2966632.81216758,1395224.13779201
2061,1585541.11741033,1540617.17884074,956194.868808239,1038613.65239409,543249.664960337,1384215.05509169,1427136.53228245,901618.317986697,1023834.78921192,885160.373767566,965726.440228498,1784255.13861353,1601962.03932305,1326389.24670111,769087.879785158,1210850.40318717
2062,1590558.57864052,2821336.04413039,1142833.85084109,831021.164895561,976051.629565327,1463179.05257651,1666161.57937354,745228.291247945,683450.123321689,1187075.56039235,1001177.84011128,1335175.07403178,1708752.63833671,1075745.35980323,1447048.47569383,996334.863887972
2063,1070749.18867788,2354464.22424252,1603455.85323064,1193769.12030903,836646.015835447,2826830.10029092,1537206.48499956,784726.551864124,926547.833776769,1192108.36193032,551236.17132523,2581594.70715269,847460.34532003,1478843.39252056,1688583.82304502,2071159.70933118
2064,2734327.60719457,1949542.06334731,640668.885121619,950330.291814141,908254.826958525,1185014.90673836,834387.072610644,1133464.42347711,850680.88528847,823294.666631788,1093067.53672138,2120501.16467477,1143537.96476028,985482.559080225,1376018.62110509,1067182.20777855
2065,1397924.83586089,2847973.84444143,1925804.32709244,1232855.46275439,2334785.15201583,1071802.57801459,1943660.94123421,1008396.8122246,1054335.01666349,1180199.88124781,782761.712679748,1406326.29755062,1706605.27525168,1091513.2754031,5287214.92930389,1802532.89079566
2066,2559427.28724718,4554738.93940274,1051614.7347201,1025950.80076514,754547.597811616,1318310.8824298,1744066.49843911,1085814.3280626,1284215.58623598,1446201.22090514,871250.739020755,986953.511835308,851059.522981339,1258054.9571322,1002813.46274449,1123281.66061447
2067,1197557.1061221,3248226.38190675,1117978.53286861,2196659.72584816,1523888.48851394,963111.444055327,581966.21426277,975254.618188489,1167500.65972903,1016023.27647127,681753.337796435,973166.17758861,642219.743176516,1861800.62649459,1436976.365349,2851508.87357855
2068,1236673.09257152,2158904.11279647,1309833.86160713,1752157.85366341,1253291.16059584,1344748.5658022,1687084.45512497,1009989.04616028,1018103.96081683,873924.741685316,1414493.58280984,1679511.52595688,998146.185709591,1533440.69078438,1384658.05406731,1850318.74506269
2069,1525309.38187599,3636874.31743931,1504850.81331818,978207.884295327,627675.241920882,1574565.39446825,1009971.69279089,840140.551839417,1166099.71372602,1196161.40799276,976403.29017812,1085941.24952685,948977.433632019,1329863.33313196,847464.225407149,1160465.08888195
2070,870680.813600442,2651078.16314303,1378939.83731307,713117.095010412,730732.655209219,1192770.31893041,1724813.31370107,938528.982992871,762798.88843154,757573.404178122,1288181.7209634,922128.619218443,1269261.07546668,2692079.70667474,693441.849266471,2021578.08895701
2071,2382213.69849139,2817948.73459973,1984406.78567104,932523.073377111,1044891.5332808,1901628.78745306,1424119.39094962,802207.038628876,1155096.72015856,873170.113704477,1009205.26090908,1503875.99635023,1795343.58958361,921840.512004392,1038549.03043269,996081.399245244
2072,1664443.70457275,1292164.6853861,1116377.85985322,1678089.43414649,758895.36639203,780292.673121262,2122631.49314589,740216.883195963,1114636.9533357,983743.892496297,710633.676801852,1020732.67777956,1050907.67467427,1011356.93301384,802563.429775235,2281867.33755463
2073,1350627.7835541,1607000.0602105,2648405.99690063,1367600.65637387,978553.137057037,1706906.8194788,921677.299023352,732346.317342761,1441636.83520705,2040151.79715071,1006604.13227738,2129911.61848308,629610.210986385,1247206.84202878,1057770.83293605,938770.102335787
2074,2301274.76441199,3220997.71166849,1448175.62644535,976175.448042894,2166548.23997975,1034678.53849742,1598818.78782927,1713854.72354139,618072.501801399,1455576.57425853,512138.841325566,1157170.03295072,1015391.87568998,842085.943164767,821598.557533202,1490429.77693993
2075,1167658.8229174,1609617.63649089,695523.395647244,656126.625536851,975086.759128838,1052913.51999572,1438369.65526754,1536142.17102067,921766.307441858,844685.831019001,855186.094671005,2442777.41582091,1288338.62605224,913504.281540995,1311834.14459973,1975136.36982876
2076,882738.54623128,2920514.76495306,1305538.10308313,985775.404261689,1045518.70453099,1799904.93767042,1318845.60985114,1019041.41427533,1498390.55411271,2458772.48697051,1129004.2911002,917211.708388325,935076.686548907,1130105.85517557,752034.11522021,1344479.32769789
2077,1256023.62615623,2020512.22561974,1278338.95587693,752281.464041317,899191.059263363,1625079.22076441,2119941.87212095,1025859.71299813,1202312.53487657,1174258.32948602,1269507.51183163,1153709.95498206,1393262.08119591,1030547.19708888,958065.207274829,1712202.45399464
2078,1842465.00438287,1662326.22941962,2032707.55636465,1425331.23145152,866698.540497547,1937008.21030297,1945502.75905085,1877367.68985473,882580.782175122,777285.435569654,872422.579128318,730138.263579435,1150562.83878988,1131226.19759211,1134821.29543376,873027.598140135
2079,1210332.71853953,4883425.50932696,930577.350853774,646291.282344392,956477.0036221,953200.099087183,1013862.84939971,983564.552269518,1543605.83911237,589469.560445507,749426.583238024,835839.799041281,767868.492811745,1695315.03459893,1611985.41203185,1875085.43573808
2080,1376740.22698465,2179743.43185476,1622648.83800073,630940.230478873,946024.681452218,2612940.83913754,1525883.78232367,2138929.97927968,1889350.75155123,2005479.64617866,921878.628003786,758350.875916921,1701023.76843692,1684780.03024913,742710.380472213,965520.513816437
2081,906338.84989568,1669159.51926508,941637.10765104,1756774.95597363,863846.889961372,2182689.61892742,1166275.55682226,627429.018286133,897123.417133761,1809089.80387925,884420.760463261,1465706.06483407,815193.05218117,1124671.66849509,789382.702409494,669075.754212542
2082,2028600.18373087,1357656.38770305,1564395.48101271,1346426.50437885,888345.744112394,1785913.76949365,2077706.42673573,1044404.99527783,909401.056846799,760455.301277697,693749.127409561,1071244.90514405,1515566.06464832,1145813.42932701,665114.107873914,847734.405807895
2083,1550921.54997796,2034711.02325523,2333626.68946855,1202840.84986936,928486.933924726,2404525.82946771,898709.278650278,869024.306311989,653997.401072629,1695172.67677496,1331522.13562529,1002726.58931497,1324753.7367321,993133.171186177,1831832.91557001,1355538.50419122
2084,1674559.28274187,2344295.96999585,1907249.6874912,724492.923185247,649302.811165799,770613.293856638,1362323.1661393,842594.999013613,1126745.21945134,895488.243034211,858851.532069181,1488531.833305,1855374.90857085,1316447.95155149,661421.981592608,1122101.20907284
2085,2556668.04582697,3001018.77959045,1925708.37173677,1388254.14985562,479098.962772324,986958.705495675,939602.939531792,853872.701444517,1888463.32119308,852629.451811792,1272178.8282791,1591845.37001589,1113517.81084358,978900.254769623,497244.699510915,1384035.31910656
2086,2106238.32857996,1638914.64274922,1285578.9353287,960721.960629646,891820.969574507,1308387.07837804,2459764.48390784,1004685.71919805,927770.873879339,914171.133894817,1318480.15907802,2544524.94475162,917997.529399102,1392588.38982529,1111263.130339,1603195.10142735
2087,794764.700467756,2056718.44576233,1549851.47488841,1018432.11351863,910041.019898504,1582053.94176569,738440.667460314,997862.147694734,1492680.01579525,1667860.93432865,1171742.98206687,2303197.8214355,594457.680458875,1648162.32463897,1165422.38973642,941958.139603585
2088,1754141.00273257,1175975.46873776,1178113.53187456,959593.042144869,979070.124783044,1000460.69611975,1649257.20128367,1373341.44306862,2242956.28494718,937976.49285546,695208.205453995,3804911.98790826,771889.633079875,683423.267620472,653068.684064209,1330387.53865101
2089,1963001.73552687,1057955.53872948,1171278.43074951,2398454.78609916,1117791.04097584,1554855.61008745,1774762.89088538,2561644.67605503,1121787.76119647,1002926.16552951,667181.721471871,1264906.22828175,686772.571836196,964115.821050679,657514.891251625,1029213.35160504
2090,2762297.49621278,1287227.83457633,1853464.43960451,2808316.0833522,1114603.81984949,1266237.83709833,1090346.6714128,787458.477867278,1560875.84342848,1095927.60462903,1335631.27316874,1774500.96884508,1785676.46977751,2431641.56965477,555770.984807396,1389862.90035692
2091,1679855.10834511,2839984.1940065,1843457.33590107,1107984.92913352,732098.69804617,1303777.32753503,3936508.62788707,669836.477780293,1070219.25103893,623959.508888668,708599.204656525,2005958.4175726,1028792.29541865,1278341.57223117,532825.682528896,1010458.02818083
2092,1155903.95091969,1660363.28337356,2532974.19307239,722537.751093712,1315616.23309143,1163040.32972454,1511798.92145828,502228.032219471,1555769.35243747,893054.468704677,1006966.8383584,1228593.67126132,412172.442052755,1152725.541681,1335564.77099071,1423690.5962977
2093,2051595.31811303,4412008.59534729,845326.442643555,2527807.75023676,536445.861850611,1586962.51414407,1814494.22305169,1071069.35867012,1364677.90881148,977736.492530026,635392.151305246,1612307.40377803,1133891.59052788,1574828.77758423,1797262.86499154,1077062.72478098
2094,1465676.54578889,2925506.69463053,810906.094506101,4734973.05070362,779620.027667932,1984170.71453556,1819540.91749479,494694.349737662,791634.714483112,1771598.48889925,702737.31730898,862696.236319541,928109.114214872,1214724.04898154,786924.106633577,2268699.57664667
2095,952919.467868278,2210591.77808433,1291730.4943732,988147.253397093,828810.198377552,761460.776976499,1715468.61061526,690844.477544138,1148072.00856512,1088926.67004639,1183268.64425981,1856277.56590994,489331.755743938,974137.014754338,917278.403026536,435967.751450629
2096,1307158.67230498,3806757.73962812,1025848.73221999,918660.626097679,1570627.75024325,2064758.75305161,1632371.32193437,467158.991498198,782644.46596672,910049.995735001,830343.265853008,892946.969587336,939983.128232558,1129133.97700501,2001697.04589608,804320.067386227
2097,2003323.17069254,3609620.81813473,1748401.15977474,1158083.83227296,565681.140956234,1261569.01741114,1562369.33618264,912720.986603631,787687.84669414,1528135.98162366,1415099.21066731,1379138.28521581,1193035.30109435,1932535.65765918,978641.511174003,1399028.86726219
2098,1625662.8883279,3331613.90162941,1368974.46751965,1574571.25938173,1110290.22226028,560534.000430748,1441147.77955292,887229.187827572,733189.717779418,1549476.17825715,1206446.59078778,1979042.47257489,2717696.04661155,962646.149285807,1345868.16094025,3937945.28163992
2099,1939098.97466701,4122957.3493043,1467991.50123298,1035423.75894198,484357.975342559,1131252.74661425,720323.222976404,934853.897095678,907721.351321573,1666543.91600527,1034654.35043919,2268244.64896646,1016825.53798129,1250615.84665417,819869.056167017,2005434.26650498
2100,804202.333386575,1821010.01413003,1024573.95105381,1059633.85719058,615754.450756041,1346510.00296499,557553.827355215,716273.682612797,1202054.36249585,744912.951162912,642676.416537517,1715846.63134645,1773393.18496048,698528.019076236,724629.425771731,3033606.31233397
