"Date","ACCESS1_0","ACCESS1.3","CanESM2","CNRM","GFDLCM3","GFDLM2G","GFDLM2M","INMCM","IPSL_CM5A_LR","IPSL_CM5A_MR","IPSL_CM5B_LR","MIROC","MIROC5","MPI_LR","MPI_MR","MRI"
1967,2275798.83591702,2077027.73722325,1245420.99649956,1806000.58766023,1775918.27124523,1686298.8824143,1325857.71075441,1366366.16715005,709878.538809666,1600266.31479171,1336817.8098665,977201.778176179,2151499.40985968,1384289.00582326,2274823.74175439,1707585.74051641
1968,2234903.05047467,2072117.7338052,2111282.73437509,1583603.73491478,1437979.67848077,1806457.03258592,1670643.85446228,1074946.82350462,1168422.49129509,1112978.59600991,1705390.51328887,1165366.99520796,924503.136038001,1346368.4376499,1879365.75239865,1411161.18826663
1969,2579288.6607604,2548998.48767701,1743238.62290168,911842.446629511,1448267.2994177,2020462.40246217,1152722.45966429,1188663.12581509,1127306.98300552,2140005.25007416,1237374.11790273,1013410.67209343,1505474.21466973,1593052.30575264,882935.52896425,1819210.392045
1970,1849026.8389175,2967295.12976562,1166298.2513465,1670346.06398922,589261.27495595,1140510.96606877,2940536.83158406,1287749.23452934,1084441.51613603,1666234.01850495,1588462.47854998,1166066.23656241,1404834.70188923,1326493.41009417,1162610.30068907,1368552.90665136
1971,3199575.54029798,1445024.86820243,1286938.74484109,1013646.780452,983573.128874494,2098861.75286836,2242618.49019922,1147789.29028098,2135333.14312786,1810426.69205929,1313226.15956017,1669057.66659295,1166692.02564857,1371034.65251629,1139121.83057114,1873360.52552596
1972,2135457.03748928,2157348.20080531,1482094.52372709,1935244.03529513,1931883.11553353,2629584.32055186,2618904.54165506,1555645.25343775,1013542.93223557,2064337.8538222,1461099.0568565,1541111.40126211,1085460.82269439,2706307.50504746,1380829.10467722,1239617.40949719
1973,1156854.05436091,3567529.84702692,2171741.28589494,1546556.59976726,1079854.60115831,2508474.41860287,1855981.14552019,1381059.4267087,2127262.86401802,1330665.43656372,3190426.95652563,1674297.19292036,1111714.62275113,882262.095151807,1399655.58044505,984145.829030686
1974,1059019.84189308,3043470.18507152,1695774.50428219,1191887.59891666,1320219.01289259,2231579.00630831,2553040.077566,1283171.86305535,793542.417297799,1346008.74626917,786922.983851287,1283095.79050662,928413.08101199,1705258.51926778,2370164.54200459,2038923.32027273
1975,2154389.19224251,2324865.52381691,1235541.80347436,1653042.8811502,1735746.12443386,2140949.01291808,1049566.48105072,1343172.17092774,2438748.82226648,834993.994179386,1181985.20595478,1134882.05717037,990297.293887195,1171476.56576545,1661428.89455199,988215.191927101
1976,2262543.32493409,1928915.31623055,2506652.81293839,1540492.12669036,773930.269040509,1424521.14129782,1790135.36347418,992405.214932452,1190785.13678118,944491.122967496,1604344.33027835,1044506.02819577,1375232.5154982,1121711.06598504,1858042.65646634,1184301.17883216
1977,1238387.07210648,2730599.09158067,1163982.96315707,2123341.83108136,1155830.94267304,2736671.0031104,1171868.718122,1322031.51304052,1397657.73532785,1027350.72563478,1133850.41144653,1196042.32984128,1043358.6936746,1330405.5525868,914927.336819343,1318686.12912536
1978,2560158.03511475,2767825.03726733,1921089.83227318,2246308.14893712,1506138.08048064,1428497.5139588,1777134.94467915,1243202.01987562,1554960.72048835,1200669.17646348,820331.6212745,1789761.22546358,1233837.99410437,1145521.23982175,902600.133130195,2851884.63525082
1979,2155171.5433339,2033942.90525001,1691440.67428939,2244626.66332848,1204448.69244471,2832637.60072512,1045050.49962229,894707.572315977,1981387.88485467,1409620.66651567,860588.477995095,1437117.5041621,1457991.11592775,1167069.95250881,1447285.88362791,1560731.18511031
1980,2105120.7009871,2396581.93667869,2312314.74482021,1284065.74487504,1411221.40452691,2057690.14967261,1191606.32338154,1295104.33154028,1400698.65723168,1658956.65936523,1361581.41465062,1487464.62181065,812235.801147836,1199690.94046313,2498227.4659003,923651.337590004
1981,967940.869458349,3061790.69059358,1015654.38668112,2586077.19770596,983466.370656153,2144100.86375873,1343886.95031605,1208739.41792088,1429093.69427045,1050884.26842618,1689010.29813819,1190944.9910659,1202260.82979061,1105088.55339996,994607.889637421,1557093.29449814
1982,1652775.58579037,1646933.41768172,998204.812232132,1812538.07720143,1416802.93628722,995687.883550584,1076109.61922356,997302.845175356,1281184.4670428,851752.821726205,1777649.44828368,1127421.81832977,1289750.62431566,1438285.16710893,1275927.28071343,2071216.51113074
1983,2268401.41500509,2051203.77048636,1926080.48834239,1366621.39358537,1478712.92875867,1283982.14906195,3768246.69418963,1261533.2391616,1065765.96752986,2066422.41558735,1403519.86221049,1099396.17841456,913568.192355931,887606.258838088,1525164.61267983,971243.193887162
1984,1369313.97940941,2017185.250258,2370693.90981484,2085224.38115112,1459355.62906022,2062638.34695515,1854550.94600379,1088319.30610254,1383925.06096145,1254023.6437288,2097619.8321454,1206500.84493011,943869.524130521,1844779.43527289,1306050.83100121,1699574.47221273
1985,1411659.74422481,1977998.48311583,2249292.61634267,1295660.63578697,1520445.89582042,1189084.78108149,946287.403938642,655248.266485913,881365.579322878,1241307.46487081,893293.111519171,1559480.21545935,1120155.19658217,881621.674748692,1539757.45894625,2266218.01909103
1986,2097040.13198057,2119346.07414124,1842420.8650495,947641.460123906,1057297.56396422,1540741.29566191,1842050.74420624,2551608.76094799,964661.715361011,1291676.175919,1303035.31562692,1247077.31007875,3269820.69338099,1074946.74460392,1238864.87197506,1400780.66979208
1987,1462378.56507372,1283852.09149489,2187837.47193602,2295803.22432381,1208448.01265054,1806982.07108745,2886558.05347227,837652.869159653,2089034.82709738,1363438.53491412,1160068.72871576,1437115.4364751,1788967.63852374,974081.905939161,805443.75103677,1244532.98347208
1988,1825668.21779355,2065119.52709367,1567743.40740333,1939807.68847632,1876456.14921475,1741412.65559468,1570126.64862522,1517995.58787422,1036437.84741345,1196898.86348919,1477263.1078893,1427217.02753703,822001.446723491,1382568.95836326,2443652.26930548,1245825.06254365
1989,1739168.39488236,2747256.30815871,2133849.49317913,1419506.88280538,1407018.53471648,1570600.23409341,1911531.5097838,1022891.9936693,1148736.63981344,778707.441461709,969196.391073038,1258041.8885943,1323522.68230169,1584142.67079118,1874022.28272683,1169536.12541163
1990,1677371.67674637,2665377.4532481,1632120.49528633,1616900.15547936,850787.457504868,1677758.44430392,2365512.69794425,1090906.09568503,1056980.73934436,1541752.62747314,790404.14790308,2030540.92130175,1071510.88519131,1306109.31360908,1230612.34861391,1445019.52487332
1991,1367893.06863282,1717473.18832424,2219953.83042859,1064453.39415278,1331876.36846879,1502227.58779591,1403062.69542276,1678182.90867031,1687254.27535556,996167.9048361,1452555.2717616,1420764.45501003,968454.24901412,1309734.16088858,1444239.90496666,929961.439270595
1992,1260141.90442804,2386925.33195366,1814742.72006762,926179.559127556,892217.692883491,1837546.10823016,1840330.40215683,1848331.42009631,1928692.69583264,1700744.75596491,1878410.09408945,1471840.40177984,2684811.15791013,988670.76010183,1101946.01159238,1735437.1301781
1993,1393610.25478539,2302722.14291427,1084781.14507379,1609225.58662172,1727626.88378701,1625717.29663635,1664777.41369509,1526669.65116156,1318248.12160994,1463765.47535967,1307523.56605647,1639007.58829538,1116655.80252499,1307918.2668259,1163897.40266456,1717691.93103735
1994,1667700.57279022,2396185.4727415,1749635.38250421,848660.439370155,1005168.82451645,1079246.72143085,1678313.15241436,746602.60972592,1297275.4751331,1420845.03127017,460015.734066472,1938366.50186139,1445727.35776402,1765060.1636607,1193202.22358562,2431110.66713506
1995,1763146.19788153,1976012.74327337,2791475.64805955,1589778.81599145,1161304.45034761,1708003.51582042,1472046.67160935,917311.880756583,1395437.73163905,1134182.22754359,1313087.32022683,2448583.03945225,1041617.40099964,1664529.91475767,1222833.58777509,1122301.1388342
1996,1542699.52989801,2465364.16174067,1599497.6424845,1158108.65885054,1409683.81979858,1096122.05153774,1866963.07353675,1507626.8722172,1696230.5176241,1920941.60962656,1154680.35793493,1638026.64609265,927890.516246956,991820.462181641,1302424.42474663,1902336.84171896
1997,1489430.36210445,3645964.32496465,1650888.57470025,1352882.44988583,1530514.65559431,1563595.36668732,1496254.41059271,3284307.20163582,1566807.55103205,1210267.25652653,1105066.50765196,2520550.15998229,1340972.94931997,1637784.38487153,1594194.16563323,2266548.64791089
1998,1239445.14175128,2709933.98545611,2207232.73228967,869986.140990569,1461465.74612608,2900600.70989182,3391218.74077425,865710.282651132,1294078.71491323,1216192.1838319,1642675.87696829,2641908.74883392,784920.795858384,2036114.86953728,1801091.7287911,1800241.75241798
1999,1669123.6614491,2418690.72573698,1489491.17888926,1020279.44425648,1182707.69226462,2308689.08737741,1708696.56051375,982235.22500844,1642483.24622466,1230704.97659395,2055141.85386586,1499071.09027602,1002486.21998097,1628815.09674696,1330355.93919442,1719682.37746145
2000,4404779.03529959,4245085.87484732,3417878.76072341,1138115.67392457,1311571.57720251,1691380.20640139,1144518.7117203,1239810.41226044,1503814.2624174,1194368.24510982,1297528.76873758,1792294.74885842,1471937.58254818,1242202.05324445,896586.631504315,1828468.46404087
2001,1162668.94429839,1928032.92446587,2956314.36689749,1542631.45100886,1058299.46608184,1875913.24736061,1787883.11054065,1342714.02154828,1131403.29576396,1522104.51470651,864145.32826572,1592730.76911898,774421.998992529,1368981.0360654,1211495.57642502,1358456.91369377
2002,3122947.87705606,2000077.40127927,1995264.71481427,1184648.32679247,1283018.18080531,1611319.01932614,2091866.42503043,1598224.11234792,2105378.148275,1572861.94789096,1586887.43161201,1119669.48442736,1599922.61902168,1593430.82874671,1223993.00654756,1663836.65654975
2003,1298444.77480351,3010998.32477327,1372445.69978388,1931056.45942856,1229076.24514329,1402745.30958675,1239605.82946122,1471133.54410481,2132014.29859759,1410130.07780687,1321144.45945587,1518287.25523377,1151501.33626127,2215962.71406382,1579854.1945685,970363.022979502
2004,1741028.42088541,3227858.28107696,1372749.8935251,1931189.46397874,1084745.55334922,1310192.82555657,1914752.02138154,1160406.12342008,2349670.68800378,1297029.41836368,1175828.00902678,931084.71726098,1163249.9377937,1419013.68956766,1704857.42116482,1025610.59437023
2005,1322133.80608815,3056351.66646704,1145465.24043858,1356187.60236763,1407898.15801517,1068106.11992116,1750216.35368482,1017079.9282547,1858680.08028845,1080610.07687826,1131755.19935389,1520173.91467954,1320628.29738193,1755063.92268823,1990509.15545134,2540563.24575655
