"Date","ACCESS1_0","ACCESS1.3","CanESM2","CNRM","GFDLCM3","GFDLM2G","GFDLM2M","INMCM","IPSL_CM5A_LR","IPSL_CM5A_MR","IPSL_CM5B_LR","MIROC","MIROC5","MPI_LR","MPI_MR","MRI"
1967,124789.573913727,92554.2550968509,119416.661259162,383466.814659441,306789.903166545,143854.907918227,222203.372539567,286490.622001724,117063.668210481,78299.7221020246,294459.174889709,284432.68095403,108304.129114285,121770.387504772,535618.624490932,125024.408967957
1968,61684.5944141607,78949.5329559503,315940.775962785,477587.446380392,77535.7980768457,200367.436753428,220578.854062993,534674.809511207,290757.547759847,219111.820743184,156209.291862613,166128.50916498,93388.1726490662,259615.25923771,107487.457513167,138316.964938341
1969,186708.186194925,107567.748691885,87429.8275008823,256137.247228172,190470.521935987,253352.069074491,246403.356701696,787535.424424647,263957.138635947,205281.174921247,203292.492147482,136229.559431251,126812.597229636,424516.824156659,490882.214146712,186449.705949191
1970,99089.0363877569,40789.1139917047,135980.165032839,665355.947811533,217176.361287758,195411.659268704,426950.673030268,343554.806191992,186380.564883643,387726.955002815,141793.721051918,254456.660188578,97704.6512975732,128378.428425692,129639.682873901,93945.586745876
1971,173833.079939931,201885.524598881,161620.295125096,115961.843185963,157731.378807813,307539.787250704,234616.856922202,426217.314633562,806703.754442484,465432.181841738,226327.795124139,121756.149896773,250941.097048212,483663.006320719,202978.257995506,191845.622099225
1972,71150.2456730034,64644.0529947423,100418.534880024,217750.965797117,180253.069549669,122389.597959989,125113.957455929,563876.359167724,153229.988152504,443671.718237708,426229.796629924,96753.9553962624,122638.057190468,152481.460795347,213827.224430606,167578.97747739
1973,106646.112031114,44953.761142811,101468.943375157,443579.102744728,633708.298045289,528721.646029379,278267.867702046,682171.37096457,309169.876471981,796695.551777144,546685.939913338,84683.0638043835,394138.326399758,183141.580541174,170723.075707935,252791.582797694
1974,48974.502761684,148502.306344095,91881.2539233256,108633.067209503,353871.109097831,346299.732920989,582878.401694325,1148125.01167639,127419.924253108,187283.978925705,155210.101600539,156861.126353702,393466.231021388,249020.549949571,684442.141846518,195354.571294006
1975,206997.636427059,60216.9282089833,239328.72092377,222984.053921328,476956.254014495,166926.427514879,259435.192140137,412672.31496994,289356.874291326,99496.3664233915,326289.23328734,437870.065354402,269362.315314077,169413.487342883,212490.034256624,101384.146545528
1976,125220.211204686,102293.623631798,513196.292035317,195927.320029474,197460.634470677,246808.513696561,164604.048456306,739387.525729521,168790.447629499,171179.174484941,466543.0701304,112930.29194555,161159.755128664,79273.163874024,621709.619349057,172152.099287328
1977,141103.792979181,38424.0895401802,171481.111131024,409062.719866157,251744.673780619,737752.009883337,192063.564708074,829419.306839785,188075.014146589,493590.676429041,356098.099885011,268757.874438818,206985.252718291,210762.570930329,162665.44918669,308368.237980704
1978,70349.9393397337,54860.6836506455,187250.95796513,436773.283768011,723979.511088164,317474.555763755,713916.983109416,1246101.04914252,1118443.42772508,123213.070560933,359903.480508193,168290.910950061,419458.317991691,255127.84030849,119654.406945014,192566.107615698
1979,193191.870921795,100864.343919943,197919.500885057,184802.601155679,97454.4787630051,195368.04286931,220199.485835248,1181653.60567112,229140.982798095,200699.074278097,431183.068822186,220107.120287908,159751.663073319,225531.070149065,169141.422008934,114540.243138154
1980,66710.3001794277,66961.2351033143,542504.349774259,435306.654232163,680048.193446716,269923.367060719,204784.469956467,1109868.15660643,310670.230902458,36832.1480820538,173989.585429613,98177.0743173626,138089.675164098,239915.917231956,101560.677375113,159080.067313635
1981,175004.963520079,165767.462143821,165338.827906141,291120.56596901,125261.244744334,269036.607599771,223134.971407919,537491.796972793,195649.58578368,116922.848081704,284599.410867919,70015.0708145348,122490.556925777,851027.118202988,38885.256457136,708855.782871542
1982,83117.6775828463,59596.3166853303,167437.142016242,281933.657617912,516890.346312745,451124.411080057,438101.696413362,595769.988288737,236519.080326703,226899.451990191,291197.909469673,157989.698456251,231213.121811313,111018.429950811,154886.26942621,255759.872480297
1983,272871.972948804,92921.1410439438,179151.436931499,438998.371644908,480456.834297543,181082.375022349,486119.160792479,623038.158516644,183037.981812756,404010.654895452,393808.513440839,90751.7602344177,164851.598664348,132955.991711741,267094.911007203,230879.717456235
1984,50398.7919111352,139780.587170671,511152.695905868,163563.381583246,231354.277886028,87858.8269388539,416814.459889154,623694.52600554,467064.346135414,672335.13471335,228788.554152447,197970.203119238,205365.640710802,276721.99883379,167335.098108487,215746.974376127
1985,107309.56308521,188111.585636286,260894.056946954,134712.95215934,374645.260700438,145776.934113348,285303.085628662,897061.411091825,698750.862422158,375934.337849256,313736.470358154,266569.504242678,80880.5317834166,105210.636765616,501296.816908819,455858.445831773
1986,207705.373543708,43114.2501852575,224746.865805279,678079.649289729,425720.688753479,590387.789749812,122793.137599852,888997.480170054,93804.9786744402,347820.707580226,137261.638188018,90671.0480968763,130067.291203591,55369.541814333,103552.404397402,201460.483011468
1987,328309.231974619,110566.836354136,97185.1824784797,247235.502976065,231790.80958648,325456.525386997,374411.041803589,963910.663317896,133781.858617491,208296.528082722,201221.374081046,142641.983427125,192905.911648494,221535.914124976,126676.49993704,145304.58628694
1988,90599.0434275424,167390.597540509,248004.224817531,117839.405744767,249441.084297628,160131.803219053,361202.122977352,528637.265864065,124630.465500105,583473.0135641,205698.803905138,166101.096743051,403111.723445771,94704.5364262332,418892.853797398,197266.807417049
1989,248243.070233008,187609.031045747,141498.783246337,269353.988017334,433330.066674325,165227.002675396,785849.468535627,1054763.55475214,887472.537303683,109324.463064441,227782.874769056,121627.151560293,134061.080998599,322327.701814474,170786.514946217,157055.938816359
1990,318238.61765094,75954.8058029716,661204.620899262,361783.04069599,318646.82894318,218523.788695199,555729.981666066,531397.930357164,317484.611951021,93140.4680274738,199233.18530937,324824.052618981,169506.344922545,178463.594979123,321365.191138583,304368.612651876
1991,101500.257095092,140269.607692023,336446.760128168,444259.18938895,241423.192394478,365926.933126672,166775.269513034,370350.102401481,332271.94674647,161245.872220929,480110.629767943,138686.142624913,105306.157626769,329497.555685746,204638.361321418,503588.752066206
1992,228668.325568291,38921.4186323016,78040.2191785972,472831.006394209,309814.85534885,465468.5759423,238024.596963286,881266.370434932,606834.736205372,886839.710731577,146501.91335823,127645.12775353,70430.985029001,133959.819365949,146084.507402133,166913.149802507
1993,112338.567317575,49630.5019579178,179979.221769473,294922.005088272,391278.347740344,362189.904686934,516933.181160144,722325.062537972,723151.915268876,380350.842439556,195566.95473474,187359.43650679,364398.54728333,126537.728956663,230456.604484786,163091.122986192
1994,126792.605873199,60428.3755079455,70802.8628391941,401437.856104781,103529.596239586,443636.313425321,37553.2353726282,443023.594569536,266763.184539579,331856.962679616,184920.268933132,508642.357423745,255095.520380027,591999.316047673,234230.870285615,166439.987870728
1995,206553.633138058,71300.9189663645,156619.358513135,146917.27388503,240941.993359114,294459.284712383,377366.731685235,468862.664718424,388809.221728109,231345.620748672,442792.233941796,112178.701646155,54249.8120580404,198586.81600205,285118.080852474,298123.299423175
1996,93438.9695585871,39210.7673031241,359267.08505777,113481.887922169,349279.372090497,266705.95066136,493346.372705965,494809.66583496,845554.782839579,363947.318895077,123745.689138387,53629.1229809017,105543.014537767,157235.334506767,120772.185176775,164398.195728184
1997,160331.494751338,32079.6282422928,290898.409801386,475259.232461262,564538.479648975,280106.822936873,387103.560827272,395483.697844882,252665.543148635,929655.161788343,447688.792761529,180480.290814877,88750.6059598505,117418.320133159,172374.976797014,183722.713605246
1998,124933.295335729,80336.6533296623,302125.289594425,222144.879831058,211552.124546792,298641.172368662,361113.158844433,940745.889101679,542591.560903256,155491.531128563,176920.870900082,202229.664674946,108877.492992857,254453.484456842,251312.869321623,377172.17773118
1999,114140.201333251,70141.1941037744,321705.091613476,479563.384230388,116560.806265288,206605.416026831,145595.720673882,441830.768472521,269395.390000034,172322.913970884,122807.919526841,127848.708910759,180389.879084172,220020.708047986,133261.566494528,650187.647278291
2000,171119.663074899,83911.6527513793,82834.7402691761,422734.234184618,374470.819717424,109646.364799954,123646.040425211,595467.7945626,132223.018318591,346747.493315451,581067.244207061,323540.618848091,196338.363301037,253460.277348689,272909.131233077,142338.642589187
2001,109978.006447764,96776.0711918597,255046.143911979,908769.875921176,316140.985476612,531259.088256916,365935.48947204,325116.195834487,279021.261910112,366170.766507069,463563.737311674,64302.0054197721,102696.904671136,540116.264895103,546429.182630572,249294.236103614
2002,472866.46973096,111031.82366365,97289.1467494658,299221.553232146,776607.048018759,456262.45522336,416885.813497743,805089.976442582,738423.377263789,1043059.53601564,103651.12741352,126403.546240818,326626.495885844,448475.753684685,687624.585968139,366447.924321506
2003,232942.840097863,252249.216073199,328832.409400286,243732.168166071,247762.680281123,307883.127022999,194574.713259941,895146.489335169,740442.999456361,294229.979441936,811460.881101778,164030.167325803,149507.851592669,223090.925690464,203645.617410057,211125.55708303
2004,331948.945877768,81220.4882741644,79497.9932924235,850168.450965339,303529.923622498,393280.931662824,327766.964138102,910669.540097998,515315.806448478,875899.947889406,288566.913716297,204794.48887771,106531.099876276,484776.509104098,267770.285267459,148259.117524157
2005,284680.583082348,166432.689810137,299692.798915165,232696.593648475,178298.251634096,150935.074862583,293202.689075421,521996.789569426,302842.41960372,233663.830394416,186841.350523369,183404.941395681,343556.958742754,162488.502350243,231634.274904738,222043.523136206
